1500 100 1200
42 462
335 2493
1170 720
979 2350
1463 457
1206 1137
782 1823
962 492
1496 2940
328 2436
892 2601
903 154
293 379
922 711
219 1890
948 720
1272 2536
370 1907
168 2292
536 892
204 2805
1323 324
1174 1664
142 1710
1254 867
48 636
1163 2748
538 856
1224 739
530 779
317 35
1191 1843
289 97
41 2941
1265 1642
447 2799
891 728
371 346
7 1092
394 548
130 620
85 1949
757 2838
467 1375
432 2301
445 2430
627 2321
1038 532
1119 2083
430 1537
334 1106
140 2650
205 928
478 2307
174 1380
522 1737
1425 1067
271 2829
1278 569
598 1508
1487 1287
162 631
1356 760
1156 570
1032 49
351 1151
442 718
467 430
1108 182
8 2335
458 284
754 1381
1446 2908
710 756
222 583
423 939
507 1027
1414 2160
901 2582
763 1656
911 358
625 2532
549 482
596 1041
603 343
1292 827
375 2018
97 14
349 2193
169 477
782 1734
54 2000
919 930
901 788
128 468
729 2890
649 1477
1308 2422
811 616
314 512
810
117
936
952
1101
750
20
57
299
304
225
509
1345
1110
1490
1203
196
986
94
844
524
88
815
504
1449
1201
1459
619
1081
297
1299
282
90
1010
158
973
1123
539
293
39
180
191
1158
459
192
316
389
1157
1012
1135
273
556
829
147
863
387
876
1434
1370
643
1417
882
499
1323
652
1022
1200
558
1477
893
390
576
213
1011
4
1362
1189
1402
790
256
1424
503
86
183
1286
89
1427
118
1258
833
933
1170
655
222
690
477
1330
869
193
426
56
435
50
1442
513
146
61
719
754
1140
424
1280
497
188
530
938
367
950
194
696
298
917
1287
1106
489
1283
456
235
115
1202
1317
1172
264
1314
356
1186
554
913
309
333
1446
757
1322
59
1147
983
482
1145
697
723
1130
662
1036
951
674
1467
45
660
793
940
525
246
1150
1187
814
1475
1023
669
519
788
906
1392
626
978
1415
315
325
835
375
373
1334
1071
1488
1298
19
678
1274
771
1169
693
486
103
981
714
128
303
1100
528
1126
44
425
1473
1062
682
1004
433
1006
594
226
1032
993
143
1065
401
1188
861
1414
975
671
236
834
212
261
897
168
551
141
195
1196
625
1020
1077
695
159
803
872
179
1352
1485
1019
1465
120
653
1301
1061
427
11
258
816
577
228
259
1165
610
383
587
1066
488
1078
429
21
903
1463
124
597
738
1262
1026
1265
761
203
617
531
827
512
772
412
48
154
521
1291
1425
189
764
441
663
330
901
1214
959
1079
866
1008
559
440
804
1358
825
478
609
114
1388
302
351
961
1429
994
385
1406
541
1112
205
836
857
73
851
824
1057
717
127
358
1027
838
862
1118
1113
718
1086
42
130
230
66
560
1433
1297
1356
54
463
585
1235
473
458
870
33
1464
1108
984
912
1136
1068
349
176
939
724
1143
1255
242
676
460
1326
1371
206
284
1351
899
202
735
138
1035
494
1177
963
49
301
914
142
856
612
878
925
1179
253
444
1041
314
573
819
611
1018
1332
989
186
1091
1498
1090
491
1354
1315
1241
1045
759
336
1260
106
182
830
1276
1109
1050
62
468
1042
630
675
1102
78
716
1184
1493
760
1171
929
1028
1085
1076
787
971
288
1348
1105
164
1207
864
490
241
165
43
92
705
319
233
751
1206
476
40
923
99
748
85
149
1472
1365
414
546
1047
679
270
263
1290
945
1366
746
9
1319
871
602
1324
133
153
1088
71
1264
604
924
1470
516
29
544
589
1444
638
1410
964
550
843
561
1455
1389
647
691
450
431
121
749
68
37
1284
36
727
1039
854
725
360
758
767
445
1456
1227
1412
26
1002
1197
949
1073
927
1107
430
905
706
1127
1313
1376
1037
1237
642
1495
1437
839
16
1132
231
1342
1138
151
1163
635
394
417
1453
1263
1234
955
1304
135
318
110
701
81
359
51
156
265
1404
677
1144
1403
562
721
832
879
1009
946
782
1005
393
699
1439
1038
411
1462
962
960
1270
370
472
765
1216
331
789
1083
455
1211
485
775
881
1316
452
542
116
399
574
1478
1457
190
614
942
791
224
364
1185
779
572
386
1072
368
654
796
1099
310
187
1117
250
1168
1180
365
922
1327
817
17
167
588
465
1341
22
1222
65
916
1374
1246
532
307
269
1103
408
308
982
1013
137
1131
1310
291
294
1497
1055
1346
1209
249
1492
632
1440
1205
996
1053
1480
239
919
1160
999
1487
197
1134
23
926
148
603
808
831
1279
1300
353
76
568
1337
398
1419
329
352
1450
659
1176
255
1399
1215
1447
70
1139
664
616
1029
571
58
970
238
338
715
1338
1124
109
569
1282
374
877
1397
1141
820
944
442
920
806
1217
1451
565
1075
10
590
1162
1173
1469
769
1423
911
1183
496
875
1256
1461
475
623
578
595
451
1344
755
1413
763
1468
409
1416
935
987
1320
1307
667
868
1193
557
448
522
84
1483
1277
221
683
1357
1491
1426
1325
487
178
35
169
1069
992
198
704
909
1046
2
1129
1151
466
768
902
1443
378
271
703
865
1382
91
680
96
670
828
1311
171
1152
287
1243
1111
1219
1368
439
382
251
599
564
1257
1308
1436
366
87
1387
334
1331
549
434
311
483
1329
853
1245
795
1148
536
498
744
650
1016
313
649
134
201
355
991
420
1281
79
932
341
900
1253
41
292
1393
579
972
278
74
694
327
583
990
160
1381
968
371
75
223
262
891
1164
184
217
1242
1363
461
1116
405
637
181
199
888
518
507
883
1250
1122
596
80
1059
508
1230
82
1496
1400
1285
566
173
1430
15
692
1474
645
1375
792
470
413
553
237
1052
684
895
1098
1014
379
641
112
1476
150
783
8
1142
1232
688
480
322
1448
209
260
423
529
1115
361
1278
1349
362
1432
698
822
797
948
125
136
275
1360
254
144
1233
248
1302
700
474
1275
354
1182
1288
111
644
966
1030
613
1391
172
1306
873
321
666
432
794
707
449
397
1021
1195
1289
479
618
685
1407
98
1119
391
200
421
272
416
581
1268
1445
687
1361
1328
1153
1269
1312
407
523
501
543
1094
502
1096
965
607
657
344
1369
214
252
32
934
1154
937
1336
1226
809
60
157
1333
406
1441
563
337
841
77
1494
774
708
1167
1089
956
1044
743
369
1218
170
896
980
606
1254
34
988
1043
584
921
245
1064
471
6
95
277
324
711
722
1471
780
636
534
280
1458
1339
1373
1224
105
102
802
1364
1239
823
1208
145
1340
605
1095
631
847
1251
339
1198
710
1238
1294
1383
620
742
837
126
119
592
296
1408
185
1220
977
240
1394
404
177
140
969
622
582
400
1479
1024
1350
1003
892
317
627
1411
1223
67
312
1190
548
100
1204
52
1137
957
545
320
884
276
1070
586
894
1104
734
1048
1303
396
243
689
348
211
1386
505
570
53
575
731
745
345
274
12
1499
1054
64
335
493
1377
1384
163
1421
342
918
218
1390
1082
634
38
131
283
204
1067
384
887
1266
1000
639
1482
615
97
247
1372
756
1194
1212
1128
880
600
624
232
155
1435
1367
954
1049
812
928
1244
859
27
1396
3
886
266
1261
1335
436
646
326
447
840
1146
395
773
739
1398
778
139
462
363
285
842
216
537
