3
40 33 35
28 35 50
36 4 41
25 11 13
38 34 35
22 13 8
4 34 3
13 9 12
17 27 43
10 9 29
32 20 49
23 14 7
35 26 46
25 1 26
29 7 12
5 40 40
14 36 44
14 11 45
4 12 7
16 12 2
21 13 36
37 18 14
1 5 48
26 32 20
19 5 17
37 39 2
8 5 41
1 11 12
17 37 27
40 32 1
11 24 50
19 2 3
38 2 24
28 29 27
23 4 38
5 9 10
17 4 6
7 35 2
21 7 39
36 20 20
6 7 29
39 32 34
38 5 44
8 30 10
2 12 42
31 28 27
27 28 45
3 26 46
32 1 16
19 21 43
27 37 20
10 25 25
4 37 16
19 6 22
33 1 50
9 30 39
3 39 36
9 34 9
14 28 7
22 12 43
22 34 25
9 26 15
14 28 26
21 18 16
12 18 7
18 9 13
33 29 7
38 25 17
10 8 1
17 34 26
33 39 26
15 8 41
32 12 24
17 9 41
22 5 1
2 31 30
15 39 9
8 17 17
17 5 17
25 5 43
12 15 43
40 22 18
19 11 14
23 2 33
19 3 34
33 3 2
35 5 36
22 13 20
28 4 25
31 18 27
16 14 36
10 12 26
18 8 26
14 13 35
26 7 6
27 4 5
20 15 12
37 17 20
35 1 29
17 18 18
27 6 2
36 2 33
5 10 30
3 13 8
34 10 41
9 16 39
25 14 11
16 10 37
8 3 31
20 12 42
33 8 17
2 17 19
11 1 37
40 13 30
10 13 32
18 18 40
39 6 3
10 15 28
23 15 3
5 15 22
23 12 6
40 1 19
