3
38 31 36
29 31 25
7 23 26
25 7 6
4 33 15
31 23 40
30 5 39
20 33 8
13 37 33
9 23 46
6 10 33
19 27 33
20 37 11
20 15 13
20 3 29
9 22 44
8 14 39
20 13 30
24 4 26
3 21 49
10 12 36
17 19 17
25 5 20
27 40 34
2 26 12
15 22 8
30 12 7
39 38 16
10 25 19
25 24 42
28 34 17
3 29 23
35 38 39
28 3 48
35 17 19
14 5 39
38 18 22
2 40 11
21 5 41
39 14 20
26 2 8
7 9 6
16 14 14
20 16 10
40 13 4
34 8 27
26 11 6
15 20 18
11 11 20
37 10 16
28 15 9
6 1 25
20 11 26
6 3 27
37 7 21
34 14 4
31 3 27
34 12 26
6 9 21
14 19 21
17 2 2
10 7 18
27 7 27
12 19 13
5 1 9
27 2 20
22 19 9
7 16 26
17 4 7
14 2 23
40 6 20
21 4 6
15 15 10
24 9 7
8 16 20
22 15 11
5 15 23
1 19 25
17 18 1
38 11 25
3 9 4
37 16 4
37 35 13
34 9 10
33 23 15
20 13 13
8 24 4
31 7 15
23 3 11
1 28 1
13 24 22
12 31 10
14 4 11
23 27 1
6 16 20
36 7 22
35 27 3
35 10 16
19 16 14
31 30 9
25 2 19
28 29 19
37 23 12
13 15 8
35 15 21
24 23 2
24 11 4
37 22 22
37 3 11
20 18 2
22 14 2
35 32 21
33 38 15
30 22 17
20 19 6
8 14 17
33 10 21
3 5 2
