3
38 15 27
24 5 24
19 5 8
39 13 4
25 26 30
25 37 18
27 24 4
32 8 4
15 28 22
36 35 27
8 3 9
28 6 28
18 40 23
12 34 23
20 6 29
22 35 12
29 5 22
28 7 25
10 38 18
30 12 18
20 16 22
31 34 26
1 39 11
2 17 30
1 33 9
28 32 25
7 4 29
1 5 29
33 24 14
1 15 11
15 31 7
27 18 11
5 7 7
26 4 29
9 12 29
21 21 29
28 7 16
8 23 20
14 8 23
35 34 27
14 6 16
15 9 29
33 8 50
9 6 23
15 40 17
26 40 32
6 31 42
10 6 10
9 4 27
16 26 17
28 5 5
6 5 18
28 11 37
21 4 10
6 21 32
23 3 5
12 21 36
34 27 13
5 7 45
25 32 27
10 39 15
12 6 2
25 38 22
30 16 44
2 7 9
26 38 40
21 32 25
27 24 9
11 1 7
21 26 42
1 23 32
20 31 21
33 6 4
31 25 49
16 26 23
38 14 28
24 35 26
3 1 12
31 39 7
14 26 13
4 20 10
39 19 17
6 37 4
3 37 8
15 15 9
5 11 28
35 5 26
22 27 23
19 29 6
39 21 27
15 39 1
22 40 22
18 28 22
33 9 27
37 34 23
27 22 13
16 19 1
23 31 3
33 33 16
23 34 12
11 17 2
35 22 19
22 10 14
5 17 18
19 24 26
22 3 7
20 27 28
18 25 24
30 34 8
16 21 9
33 6 11
36 23 15
12 32 23
7 29 5
