3
36 24 9
16 1 12
38 20 41
20 33 4
3 31 14
32 20 38
8 1 4
25 14 33
35 9 48
6 13 3
22 35 20
23 19 39
7 38 22
31 1 9
36 6 28
14 8 40
34 31 39
30 21 13
2 39 29
39 10 37
17 13 11
25 31 30
18 18 4
40 28 22
4 33 13
37 39 10
37 37 31
16 14 15
10 3 12
9 23 6
39 35 47
6 9 27
20 2 21
8 38 14
36 34 17
19 40 25
21 22 24
36 10 23
19 10 8
10 13 7
1 3 3
39 4 20
9 32 14
27 4 16
24 12 18
24 23 4
16 1 9
35 17 4
22 40 15
2 18 2
40 27 3
15 12 19
26 22 15
10 4 16
2 35 19
36 2 15
22 29 9
12 11 10
24 26 18
5 4 6
25 15 14
37 31 20
19 16 19
25 7 10
39 15 2
23 12 7
12 31 17
7 13 10
40 34 1
21 24 20
36 33 4
11 10 18
23 6 1
1 32 16
37 36 40
15 9 48
29 31 47
13 16 31
33 10 29
25 3 35
31 36 5
25 14 30
12 22 41
17 8 39
15 7 13
33 36 11
33 17 17
21 8 44
28 2 25
1 32 20
27 23 33
24 7 42
8 20 42
17 34 28
31 10 22
37 32 11
15 35 4
6 16 23
24 19 33
10 17 11
17 1 26
29 37 49
23 37 48
25 31 35
14 22 42
35 24 32
36 11 16
38 40 31
36 11 42
13 1 46
34 30 17
11 37 23
