3
40 50 40
14 1 11
30 1 1
2 1 50
24 1 43
16 1 18
1 1 46
13 1 34
33 1 14
21 1 31
1 1 8
26 1 41
23 1 22
18 1 24
22 1 28
23 1 35
7 1 11
18 1 9
32 1 14
4 1 38
34 1 17
22 1 7
16 1 47
28 1 25
16 1 14
3 1 4
19 1 9
16 1 37
16 1 22
9 1 16
12 1 20
15 1 19
37 1 21
17 1 17
4 1 19
32 1 33
10 1 29
7 1 15
40 1 2
40 1 26
28 1 12
40 50 40
7 1 17
12 1 7
33 1 3
1 1 24
17 1 10
31 1 19
35 1 44
23 1 45
13 1 7
28 1 38
36 1 50
22 1 48
21 1 25
39 1 1
39 1 17
6 1 37
37 1 13
35 1 35
12 1 12
11 1 10
10 1 10
19 1 41
32 1 8
1 1 35
20 1 2
8 1 22
4 1 9
12 1 25
24 1 33
34 1 45
12 1 46
25 1 6
24 1 29
23 1 40
24 1 15
16 1 1
38 1 28
38 1 25
1 1 10
26 1 50
40 50 40
20 1 32
11 1 14
37 1 24
20 1 14
4 1 42
13 1 40
39 1 34
4 1 46
40 1 5
33 1 34
30 1 26
33 1 19
15 1 9
17 1 3
8 1 21
35 1 28
13 1 40
12 1 48
33 1 34
11 1 41
28 1 10
17 1 40
38 1 29
27 1 34
29 1 21
8 1 44
17 1 36
26 1 2
37 1 38
18 1 24
23 1 3
20 1 11
16 1 26
10 1 14
12 1 36
35 1 47
30 1 18
6 1 9
20 1 7
37 1 1
