3
299 34 7
246 2 19
40 3 43
222 4 1
158 1 14
114 7 28
142 4 36
270 5 31
6 3 43
147 7 23
282 7 48
120 3 45
83 2 34
254 2 39
27 6 33
154 4 5
272 1 17
167 2 35
68 2 5
171 7 4
297 7 26
211 3 39
42 4 3
194 7 2
171 5 50
71 2 49
48 3 21
26 5 9
158 2 20
62 7 28
159 2 1
75 5 13
191 7 2
275 6 46
204 6 23
141 1 31
95 6 39
292 4 10
281 3 32
260 2 7
81 2 24
142 5 26
97 2 4
180 6 4
192 1 25
270 5 2
225 4 37
118 7 28
1 6 28
248 3 9
194 6 35
186 5 46
281 3 15
273 6 11
98 3 33
258 3 37
280 5 34
273 6 11
121 6 34
290 7 23
36 2 6
118 5 23
148 1 16
294 6 17
216 6 44
218 2 18
138 5 35
229 5 7
81 5 48
225 7 5
264 3 43
213 1 22
58 2 30
290 6 29
105 1 20
277 6 1
29 3 40
215 3 29
115 1 36
179 5 16
298 3 13
35 3 22
162 7 32
258 6 50
139 2 12
130 2 44
265 7 39
89 2 20
293 3 33
232 3 5
148 2 4
247 1 40
108 6 30
200 2 38
53 7 2
271 5 11
177 7 47
233 7 7
121 7 17
209 1 36
36 4 48
169 5 32
82 6 36
281 1 50
298 5 39
33 2 32
261 4 12
106 7 35
138 5 12
85 3 7
291 7 9
150 1 32
134 1 21
64 4 18
257 6 45
8 7 11
179 3 15
210 1 40
181 6 29
272 6 21
210 2 7
97 6 50
122 4 3
164 7 45
273 7 30
254 2 35
97 3 38
275 4 6
166 3 9
182 5 31
1 4 8
162 3 43
264 6 25
258 1 19
207 7 17
190 3 29
87 4 37
15 5 43
166 4 46
140 7 50
20 5 5
12 1 24
267 4 28
277 5 23
7 2 4
188 6 26
185 6 34
152 3 12
73 7 26
216 2 15
59 7 41
219 5 28
99 2 5
122 7 6
188 5 36
191 2 42
92 1 16
234 2 43
100 5 4
296 4 42
174 4 9
270 1 24
223 7 29
190 7 3
34 6 46
282 5 42
192 5 10
19 2 22
57 5 7
294 7 29
39 4 21
98 6 49
130 5 29
233 6 20
78 1 12
20 3 39
217 4 41
66 4 24
292 2 7
209 1 44
265 7 19
26 3 10
278 5 26
118 7 4
207 6 17
147 5 37
83 7 1
130 6 37
41 1 8
63 5 20
181 4 18
263 5 40
65 1 10
266 7 3
25 5 32
202 3 42
133 5 39
294 6 37
266 1 42
146 3 1
181 7 32
94 3 50
174 3 19
286 7 34
166 4 44
211 3 7
14 6 36
277 7 20
101 3 34
283 5 34
50 3 12
255 6 12
244 4 9
152 5 26
290 6 23
72 5 2
152 2 16
153 5 5
188 5 45
55 2 20
99 5 38
88 7 32
56 7 41
57 7 42
254 5 42
234 5 40
63 6 45
32 4 15
41 6 16
128 4 47
233 6 34
15 3 2
61 4 14
178 2 41
84 2 50
94 4 28
86 1 8
88 1 42
243 2 39
77 2 33
18 1 35
181 7 47
293 1 42
162 6 50
50 4 24
75 3 23
261 3 33
152 2 41
13 2 40
295 5 3
137 5 3
24 3 48
1 5 23
186 6 28
122 3 3
208 4 44
170 6 42
40 3 48
188 1 19
106 3 11
123 2 48
159 3 7
248 3 23
212 6 11
195 5 25
14 2 19
229 6 11
210 1 28
149 7 20
177 2 5
204 4 5
74 7 40
270 3 3
15 4 30
11 1 32
58 1 24
172 3 37
277 5 38
37 6 42
281 5 49
175 5 14
144 7 31
288 4 21
76 2 27
202 3 21
111 4 5
73 1 48
173 3 21
56 4 49
116 6 45
276 3 22
6 1 27
109 1 40
207 2 14
136 7 46
179 2 33
238 2 21
18 7 28
284 6 15
46 4 6
295 12 137
126 174 23
143 220 16
259 226 21
180 53 22
234 248 19
63 117 20
239 204 24
29 238 21
17 37 16
74 160 11
298 262 12
40 79 5
76 77 10
218 81 23
157 34 23
72 239 17
140 160 10
37 113 3
285 142 14
282 54 17
267 56 8
232 177 12
255 118 4
73 120 13
100 168 1
216 151 17
245 173 18
200 181 3
27 283 5
165 220 5
213 252 14
186 281 3
197 241 4
171 171 24
94 130 13
270 14 13
63 167 20
128 65 23
210 114 23
61 22 5
99 267 9
47 297 6
185 281 15
195 139 4
91 294 19
253 150 16
202 144 13
118 280 18
204 32 8
233 83 20
168 22 24
96 253 15
164 101 6
32 206 19
201 230 17
112 201 22
216 180 24
232 30 17
272 47 21
232 162 13
117 12 7
147 274 20
16 27 7
70 245 1
164 29 20
293 16 13
166 79 2
274 21 11
293 79 8
92 195 21
131 91 8
155 48 19
130 49 7
246 171 6
274 252 8
246 260 3
138 146 22
271 241 14
116 44 10
173 254 7
100 170 10
53 244 8
1 16 15
46 191 4
45 104 1
5 165 3
27 84 24
79 219 4
142 199 9
17 232 20
205 223 19
55 171 19
220 29 4
59 8 4
217 226 17
192 142 5
38 76 21
291 164 10
85 82 6
213 136 9
88 7 2
132 245 21
38 96 13
130 236 16
256 29 8
139 139 24
20 124 17
167 297 1
102 182 8
62 275 10
143 291 18
125 14 2
105 117 3
292 19 23
48 17 9
295 29 15
13 215 16
85 190 20
173 16 7
195 300 11
218 194 18
227 227 6
300 134 18
220 85 13
251 99 13
40 166 19
22 280 8
4 128 21
157 222 13
256 203 22
145 218 17
91 69 23
215 138 5
278 162 5
199 235 18
123 15 1
178 139 14
284 164 21
290 255 21
86 13 21
292 237 10
263 45 21
2 228 10
172 143 13
13 245 24
61 290 5
233 270 17
54 205 16
39 284 21
146 33 10
147 138 23
267 98 14
258 175 17
247 103 21
157 271 18
149 178 2
113 44 12
247 21 3
23 298 21
46 207 1
263 33 15
86 284 13
174 237 7
5 210 14
140 129 3
181 174 7
195 282 16
73 253 13
208 117 23
289 14 23
122 139 19
159 298 23
278 251 19
135 179 8
216 198 9
290 185 21
34 186 2
123 172 5
2 60 2
197 293 14
273 167 17
184 95 22
199 245 7
73 178 20
80 260 18
209 151 14
197 199 19
156 24 18
81 127 15
186 204 15
159 136 11
72 146 9
82 205 1
250 58 8
30 172 4
167 148 4
281 217 1
230 17 18
92 110 21
80 131 13
61 207 24
189 110 11
127 19 15
137 185 20
10 52 4
88 87 18
81 13 13
136 150 4
73 159 12
279 277 17
173 163 4
300 9 15
126 94 23
92 228 20
50 110 13
89 171 11
84 147 17
242 40 5
232 246 15
174 85 7
169 249 22
171 246 21
63 95 21
57 288 17
230 134 9
184 112 19
237 129 17
242 196 6
45 42 7
205 169 18
72 238 24
220 271 14
164 88 9
211 271 19
169 169 22
278 183 18
219 16 15
252 121 16
169 51 23
171 60 4
177 79 10
112 137 12
124 6 23
269 58 10
221 189 1
103 297 23
113 284 23
25 211 10
221 138 21
6 87 24
128 29 1
45 53 24
298 180 7
106 109 12
112 12 17
21 113 14
23 294 2
295 26 3
300 73 23
106 234 6
286 160 6
101 110 17
136 88 23
201 69 4
6 92 10
178 98 12
287 77 21
72 9 9
159 244 17
227 24 2
222 28 13
148 153 7
7 119 9
77 267 7
274 24 10
46 245 16
62 42 10
100 215 24
58 28 18
192 119 15
172 220 16
173 215 14
283 232 5
266 102 13
218 185 10
190 9 17
1 122 16
53 112 15
110 19 15
220 238 4
56 231 3
269 8 8
126 14 18
220 217 8
120 132 19
298 22 274
53 10 8
37 11 5
231 26 2
41 15 9
216 4 7
110 286 41
262 290 42
32 266 10
84 203 42
44 250 23
147 101 39
78 109 34
259 80 27
63 242 44
127 173 8
174 100 2
54 229 3
228 187 13
14 163 5
262 212 43
288 232 12
254 68 9
278 226 3
269 228 28
99 57 19
5 242 22
296 109 24
272 58 22
38 259 4
280 58 2
25 70 7
30 286 15
196 195 30
48 254 4
297 161 15
110 2 28
30 99 6
19 76 24
176 168 28
163 174 12
25 190 14
108 160 10
22 108 37
164 131 8
143 41 28
267 272 22
111 196 1
132 229 16
236 275 39
265 119 22
233 29 20
190 286 30
223 162 28
49 128 21
4 86 14
28 113 36
174 235 41
230 278 30
167 267 27
209 147 18
161 172 17
283 27 26
57 55 2
228 207 26
131 16 41
201 174 9
249 192 27
130 3 35
200 141 12
251 154 39
81 49 44
140 47 22
72 48 3
154 224 2
98 170 28
44 194 26
149 102 40
277 13 9
143 1 14
192 18 14
4 36 26
108 149 41
171 8 23
82 253 24
180 242 8
242 197 25
136 135 13
146 294 4
35 111 8
181 297 13
88 184 24
245 106 36
264 25 12
32 254 30
142 112 41
125 76 4
215 255 25
139 25 6
180 273 41
146 222 38
126 68 7
123 251 24
10 96 29
120 62 24
52 71 22
189 203 39
144 290 29
31 3 31
298 118 31
106 7 2
206 99 25
118 110 10
139 149 28
111 197 9
161 91 1
9 155 12
243 76 18
264 116 9
287 127 31
180 195 16
127 234 30
154 54 21
165 49 14
184 205 3
148 30 38
143 253 15
114 216 20
232 286 15
45 28 8
154 149 23
155 247 24
114 120 34
284 4 29
199 58 19
95 91 10
248 16 20
201 65 28
123 211 13
16 72 14
191 161 35
108 161 21
270 98 12
164 176 20
39 213 34
205 261 8
104 202 19
114 183 34
153 20 6
178 48 32
210 202 40
207 142 15
107 80 18
81 145 44
35 277 32
185 34 37
254 135 35
141 238 12
115 70 41
134 124 20
218 193 29
268 15 12
190 80 31
267 17 7
172 63 27
101 136 32
115 18 15
24 149 35
24 224 11
246 223 22
47 237 6
195 150 6
210 200 11
221 79 33
235 21 16
129 90 24
26 186 14
149 60 34
190 15 3
120 63 22
204 106 7
279 258 24
210 264 1
138 250 6
113 71 13
300 202 2
286 120 7
74 99 17
135 155 3
55 289 4
262 236 20
259 252 12
167 22 41
136 149 29
294 58 32
118 88 41
152 211 33
211 65 12
165 83 31
206 277 44
19 238 14
44 37 18
259 132 31
231 5 43
40 190 25
2 84 25
228 69 35
52 113 14
231 140 10
76 123 21
183 32 6
241 277 44
43 68 18
11 127 26
130 279 10
189 271 27
198 220 10
89 273 23
154 214 17
251 90 20
1 157 10
126 217 18
158 20 43
47 158 20
103 71 38
194 96 13
236 28 31
215 20 31
183 178 34
169 265 8
223 9 34
99 191 27
289 156 36
43 86 31
98 51 43
35 143 4
81 201 30
234 42 12
95 129 33
59 117 13
100 59 19
5 201 17
249 274 18
188 200 15
168 46 38
249 216 8
197 267 27
133 254 11
272 84 19
31 154 26
83 169 32
71 32 6
262 238 38
157 155 44
148 190 25
69 288 40
141 230 33
216 252 1
229 18 22
157 87 26
240 81 18
64 274 13
208 26 13
104 210 15
18 255 11
295 95 14
283 39 39
287 74 25
14 180 32
205 46 19
91 153 35
298 281 20
137 188 28
292 47 16
239 145 15
162 97 8
136 294 29
202 165 8
237 208 31
266 171 23
87 116 1
162 82 40
232 295 21
256 3 32
216 76 5
63 191 13
167 298 25
270 61 19
2 85 12
242 281 16
161 75 9
49 292 11
46 20 24
56 127 6
169 75 18
163 7 33
2 159 30
216 262 5
143 111 20
