3
295 25 300
78 261 21
127 94 42
104 27 36
126 150 3
34 57 41
9 177 8
129 25 35
292 148 34
121 75 48
283 106 7
295 169 50
62 155 41
103 108 25
89 50 48
179 266 2
290 227 21
42 107 37
33 55 45
62 90 26
270 228 20
76 9 5
263 227 5
148 132 25
266 106 26
104 238 37
133 108 20
15 264 17
202 158 3
81 290 32
11 139 10
25 50 22
255 276 19
62 51 12
137 162 11
119 195 12
125 251 40
55 37 15
8 64 11
264 135 12
136 196 5
46 216 28
283 168 31
237 143 10
153 29 9
117 162 30
257 163 32
241 170 13
86 101 23
27 175 33
167 107 33
272 240 21
67 111 16
66 198 38
195 290 47
272 142 26
182 278 32
47 22 36
221 188 12
209 89 12
146 247 6
271 111 44
205 115 48
229 281 39
201 125 1
212 186 14
126 284 38
30 246 32
205 229 15
298 138 45
208 16 27
292 175 48
243 128 26
6 260 44
69 279 23
85 205 38
97 161 6
172 298 23
166 112 45
292 186 25
107 221 15
225 36 21
115 34 41
151 272 34
37 296 47
286 232 50
287 282 34
216 285 9
115 254 37
68 236 15
267 206 17
4 150 18
194 132 7
203 109 12
242 241 26
174 152 40
142 136 39
42 157 18
35 26 25
3 248 16
241 48 39
176 180 22
293 61 1
5 25 5
268 145 42
290 148 45
108 209 16
185 299 11
228 281 12
274 212 40
47 47 38
297 295 13
49 167 4
272 79 22
277 35 14
299 292 36
97 91 2
295 149 11
299 68 4
296 57 12
124 79 25
251 197 39
229 267 50
258 203 34
282 126 31
44 168 23
158 215 20
52 181 48
19 297 27
98 30 11
96 161 33
91 26 13
163 125 9
147 56 2
285 232 25
296 249 16
56 3 35
81 7 48
190 203 19
188 296 12
48 102 21
85 185 13
206 139 41
228 274 17
235 17 8
27 104 40
258 262 45
272 49 13
182 167 42
172 209 43
138 249 28
206 130 20
113 12 29
224 278 11
265 265 34
152 265 16
52 300 20
56 126 48
291 246 4
137 128 49
224 186 19
147 29 15
101 178 39
15 130 50
225 3 13
126 291 15
290 55 41
236 76 34
233 73 30
191 68 1
88 207 1
199 238 19
252 262 21
226 215 22
290 41 23
16 41 31
67 219 41
76 58 31
52 236 38
145 187 37
3 282 49
204 235 28
119 256 24
45 132 16
243 281 12
200 232 24
250 69 35
134 4 11
216 23 10
186 267 24
192 210 37
175 26 34
123 185 30
240 210 2
278 89 4
71 10 47
244 102 34
135 153 9
76 293 7
242 50 34
285 157 4
59 282 8
53 50 21
243 145 20
4 265 44
266 244 31
87 258 3
274 191 48
175 229 16
178 275 25
282 14 40
259 34 13
1 48 3
23 288 11
241 25 11
156 60 15
262 250 37
296 129 16
153 72 1
118 260 4
80 260 22
200 171 20
184 229 47
127 11 6
203 46 7
252 253 13
191 179 29
94 47 15
159 18 24
228 193 22
144 7 27
170 236 41
267 110 20
2 82 32
83 244 8
61 26 12
105 139 11
1 2 38
263 215 29
104 164 43
155 257 47
285 206 13
216 268 41
238 75 12
47 176 5
294 197 2
210 293 21
256 130 9
273 49 2
2 52 24
28 158 22
217 235 29
168 229 45
263 130 29
135 123 36
84 281 5
73 194 23
69 220 33
1 113 12
222 134 22
137 290 1
145 281 5
128 8 49
198 220 45
65 172 12
202 163 4
228 250 15
240 237 50
204 244 45
175 12 9
110 77 29
118 209 9
13 180 3
229 135 47
189 191 30
142 12 36
192 40 4
262 145 26
238 221 9
171 164 46
148 240 28
136 91 17
10 204 16
219 26 29
214 239 38
38 281 45
124 128 40
190 8 11
16 65 21
136 283 48
48 28 26
155 4 12
236 20 36
226 239 2
206 169 13
141 223 31
298 16 226
196 2 3
175 66 17
114 227 2
89 9 23
243 23 21
80 134 31
118 93 23
45 10 20
299 205 8
221 35 18
153 95 17
126 225 7
144 172 18
220 77 1
65 79 24
104 126 7
196 26 25
166 100 24
66 129 23
254 273 20
214 17 19
234 144 30
262 94 13
297 258 18
76 113 24
233 64 23
60 32 29
101 298 7
105 66 5
184 98 19
156 144 22
257 34 32
38 176 27
230 47 28
285 259 24
51 42 12
15 236 8
134 211 18
263 200 28
189 136 4
86 232 26
42 164 27
173 124 1
92 144 32
40 96 26
173 278 29
82 29 3
123 229 21
98 24 8
277 28 27
172 35 5
289 118 13
266 40 8
93 79 13
202 5 10
190 113 23
203 245 30
21 198 23
79 228 18
2 236 26
59 187 31
59 187 9
58 143 11
262 185 17
155 109 23
134 21 4
255 213 15
278 6 16
192 181 32
235 223 16
269 176 24
260 287 21
291 154 6
143 267 28
224 253 22
92 244 12
131 226 25
189 154 4
28 34 6
74 3 12
45 192 15
89 128 22
177 290 21
247 88 24
149 147 21
263 87 22
35 36 32
295 126 20
271 245 26
40 17 21
189 179 11
79 226 22
76 150 20
266 100 26
133 30 16
78 45 31
39 150 30
180 171 27
59 226 16
3 200 17
285 249 22
180 107 18
147 237 18
51 65 31
198 283 11
110 243 5
27 187 24
153 143 14
270 31 30
31 198 8
249 188 5
111 5 20
102 237 17
146 162 28
71 3 32
99 196 19
9 107 30
253 292 16
135 205 5
223 294 8
62 60 15
133 101 1
144 287 20
112 279 4
165 16 32
243 117 27
181 138 9
107 292 15
262 196 15
133 267 20
179 273 18
41 104 5
12 150 21
286 142 29
155 275 24
254 232 5
268 258 24
211 277 29
41 279 32
234 181 30
55 165 18
109 61 1
230 179 1
269 136 15
163 248 5
149 233 1
221 225 18
265 164 28
28 22 10
264 195 7
162 230 19
114 75 21
114 193 23
124 214 2
227 144 19
110 159 6
236 137 29
53 217 28
14 296 21
246 61 22
128 132 9
48 143 2
289 145 12
214 156 12
101 49 6
129 111 21
170 19 2
38 80 13
65 290 8
117 205 2
34 219 3
192 67 9
105 295 2
283 105 24
133 76 8
297 123 23
199 8 17
97 137 1
235 226 18
41 72 3
252 152 28
95 64 9
56 220 12
50 195 27
94 35 15
136 149 14
281 5 16
10 130 6
243 28 9
117 206 26
146 10 2
35 55 23
192 102 25
267 191 3
142 276 11
242 110 12
158 114 23
130 50 15
262 110 16
5 94 32
121 63 9
139 259 26
127 236 30
75 92 28
106 52 29
246 275 1
40 189 21
32 222 25
299 185 21
152 189 31
295 61 28
285 210 22
84 87 17
126 63 19
256 32 28
88 153 27
32 63 32
89 231 12
269 97 32
176 129 22
257 5 21
299 233 15
34 145 28
24 199 24
82 14 9
276 176 5
260 275 1
230 194 28
97 21 28
27 253 25
31 7 6
29 91 30
221 217 23
232 215 15
8 85 14
194 183 11
241 180 2
64 48 4
49 196 14
242 27 22
42 144 10
8 275 18
122 61 25
142 30 4
111 58 3
16 136 24
294 219 31
292 275 27
242 31 29
286 72 5
136 26 11
8 281 2
39 71 31
132 150 1
179 126 3
252 265 7
45 37 10
56 295 8
220 8 14
191 28 25
156 223 21
178 276 30
245 239 8
293 171 24
241 229 30
70 282 14
84 105 19
35 263 10
64 117 5
245 189 13
85 31 13
30 7 27
217 231 22
75 282 28
110 234 19
285 15 31
26 242 16
63 212 8
212 35 30
199 180 18
179 120 28
203 225 9
230 28 30
57 87 17
162 220 26
35 264 12
71 147 27
185 127 19
232 107 15
203 73 32
139 279 23
61 119 27
212 245 24
295 48 21
219 8 14
278 274 16
191 248 28
69 163 10
299 28 297
48 20 21
60 203 36
165 56 15
300 37 4
218 40 28
42 283 21
202 103 30
163 106 37
157 7 37
244 204 38
37 269 9
149 285 20
180 194 28
41 77 9
165 176 27
24 11 48
76 14 50
114 284 24
297 286 29
150 152 2
185 47 43
171 67 31
176 110 23
140 175 14
240 149 41
225 282 16
36 123 17
253 15 15
75 216 22
236 84 36
12 141 33
263 222 47
297 33 36
103 12 12
178 89 1
164 80 25
15 166 13
166 49 36
169 267 34
107 289 9
298 171 50
239 233 21
174 263 12
290 117 27
45 295 45
106 107 2
299 98 4
97 9 16
23 257 48
288 82 33
269 35 11
10 74 26
240 272 25
82 297 12
245 30 32
97 140 38
253 175 46
100 6 14
142 137 34
252 143 20
251 91 12
97 131 5
240 107 47
188 46 37
292 268 48
183 244 15
198 47 5
64 91 10
89 202 4
292 208 47
210 165 31
20 273 41
105 10 46
3 138 44
244 297 10
257 177 14
82 155 4
229 8 5
60 282 13
247 244 29
59 86 3
37 266 41
1 129 22
175 89 13
174 95 16
120 171 45
287 163 37
184 253 21
259 258 35
217 179 29
15 233 9
11 109 24
92 131 48
118 214 47
56 10 10
42 64 49
179 225 9
23 283 24
198 26 40
142 42 23
124 49 21
277 49 32
177 191 41
20 72 18
144 212 14
183 6 23
177 242 26
57 92 18
39 41 33
33 238 20
72 108 26
24 228 1
219 90 35
249 72 12
169 29 36
77 79 11
258 96 11
242 191 25
23 37 39
129 96 31
75 132 9
99 194 23
260 259 20
1 57 41
281 72 13
41 135 31
202 202 35
3 147 39
171 82 6
147 182 45
36 263 41
51 38 23
291 37 14
267 32 42
104 32 33
155 175 16
170 169 9
229 208 1
102 285 41
121 275 24
162 162 4
297 82 18
39 21 13
103 233 46
281 4 11
133 271 15
209 297 37
39 133 49
269 263 4
293 78 40
6 76 7
10 147 18
137 258 13
282 180 11
125 41 24
89 36 26
102 77 30
113 70 8
133 65 34
45 242 2
119 47 15
151 1 27
296 17 12
48 239 12
155 214 35
280 203 32
16 222 16
218 219 20
242 192 25
295 161 26
53 265 34
89 82 48
192 151 29
164 9 46
248 84 25
68 207 34
277 215 28
11 268 45
165 276 2
8 247 35
90 62 20
110 175 7
42 119 18
102 267 13
198 291 35
132 178 40
199 128 33
8 9 13
4 9 49
208 135 14
267 109 12
27 267 12
46 263 9
73 246 22
176 253 17
113 280 19
73 255 4
7 120 45
18 78 12
69 9 17
226 121 13
273 269 26
78 115 29
156 146 34
30 214 41
23 224 12
18 122 3
260 177 37
79 186 50
147 203 28
106 176 30
168 57 35
169 37 32
192 251 21
101 182 18
48 83 11
14 25 4
170 124 42
277 141 35
166 278 44
162 224 42
92 13 46
254 74 47
166 253 8
76 259 16
270 215 43
183 271 19
75 226 45
34 83 25
22 241 5
228 102 23
108 251 20
39 279 21
215 190 29
87 203 14
31 241 26
110 221 2
23 78 13
256 16 20
73 69 13
128 259 11
67 116 1
149 19 17
141 93 23
243 189 30
109 170 7
234 141 9
105 128 48
85 112 15
277 148 6
219 188 26
170 93 14
75 152 40
59 118 20
24 286 25
21 93 23
209 148 16
195 185 23
55 83 35
52 124 4
282 217 48
106 105 3
88 296 20
63 284 30
100 199 16
75 126 43
51 8 42
180 109 39
24 141 17
51 32 39
49 242 43
282 145 27
298 95 15
20 261 14
280 17 28
174 122 11
227 117 33
180 124 19
130 249 13
206 184 33
170 290 33
68 214 27
27 264 14
29 19 13
157 137 3
58 159 42
210 9 42
187 87 7
1 244 24
45 269 24
216 161 3
224 6 19
244 134 10
192 229 39
150 228 34
189 201 41
6 285 18
279 83 12
265 249 23
