3
300 50 265
211 23 36
49 151 34
113 11 40
53 124 25
102 178 48
254 299 19
160 243 10
217 278 44
93 133 22
185 284 19
162 235 49
70 61 18
275 285 50
2 102 14
205 289 43
209 267 47
141 113 37
172 17 22
142 83 37
129 287 3
58 226 25
274 284 41
216 254 6
82 179 35
25 195 28
159 255 47
172 235 21
213 82 48
46 207 43
125 218 31
90 205 41
241 174 30
72 279 18
235 93 49
180 24 4
101 116 29
274 31 26
201 282 50
248 17 6
22 98 7
88 62 23
111 135 16
111 36 14
195 159 7
48 236 25
130 231 7
46 31 38
121 271 7
221 195 20
222 192 15
249 92 4
108 177 15
69 267 23
49 251 14
244 11 5
77 248 17
269 200 15
80 192 25
295 38 17
288 15 9
65 199 42
269 106 47
259 135 31
232 219 45
186 152 15
253 267 16
251 192 33
50 214 45
240 231 16
60 249 35
81 226 5
174 243 37
212 52 18
199 249 28
107 294 37
116 7 36
235 239 21
134 279 16
66 270 7
83 128 11
57 159 23
83 174 21
178 61 12
125 203 4
247 116 39
247 251 26
228 174 3
48 243 45
59 25 13
229 208 44
114 57 2
205 275 1
295 50 50
235 128 40
101 76 27
64 219 37
134 86 45
251 58 18
270 252 42
138 192 18
8 6 48
89 158 43
240 230 49
132 48 2
217 230 28
231 41 3
56 24 20
276 163 20
258 127 1
279 245 29
137 174 35
39 126 13
61 78 35
272 216 14
274 112 30
29 63 43
93 148 34
48 242 7
109 53 28
122 244 45
132 82 41
6 241 49
287 43 34
154 164 42
94 10 21
117 15 42
61 223 44
174 63 8
78 75 10
197 49 38
196 108 45
116 30 34
263 8 18
139 135 1
266 186 20
95 243 47
85 218 46
5 29 44
30 43 40
114 264 7
237 237 14
171 188 23
188 151 26
236 46 2
207 25 47
37 18 25
164 24 28
146 291 49
165 27 35
278 300 15
223 65 30
229 18 23
17 185 23
283 258 3
299 109 40
174 176 39
78 181 10
155 154 38
93 233 5
234 284 7
98 281 49
85 3 32
272 29 26
69 144 45
255 243 26
93 231 3
144 130 39
201 83 28
34 8 13
176 276 21
136 21 24
108 157 48
298 215 21
150 205 35
24 113 25
27 110 7
2 229 28
158 201 14
145 212 27
123 246 33
197 192 41
214 163 49
230 215 44
131 78 21
289 233 41
167 132 46
131 130 19
189 67 23
262 244 39
146 279 10
219 243 29
72 73 2
117 10 34
183 106 41
193 151 37
7 42 15
279 87 49
47 120 1
31 222 25
179 272 12
271 289 38
228 174 37
145 152 30
16 161 45
230 62 25
162 130 8
207 22 6
11 190 19
180 116 9
44 87 18
198 56 9
2 159 31
249 117 39
161 116 21
173 139 33
47 249 25
95 298 14
26 118 33
228 161 33
5 146 30
240 279 6
285 40 38
63 37 24
191 116 23
44 228 14
278 228 14
26 118 39
284 105 33
150 18 26
271 20 33
270 223 34
196 159 28
34 281 48
262 146 46
183 44 9
240 62 17
187 41 42
220 136 43
232 37 2
72 20 25
281 206 19
117 190 4
222 120 16
244 235 30
124 205 4
69 279 2
182 114 39
1 133 32
13 292 11
91 77 31
80 206 50
267 300 50
38 187 14
265 241 36
22 203 8
73 145 23
200 170 47
252 148 35
241 250 18
279 155 2
173 64 5
219 9 42
82 98 38
209 69 48
255 145 49
136 255 13
258 204 16
63 75 46
43 193 12
2 98 25
265 198 10
297 49 23
231 5 10
272 157 44
56 29 1
159 108 34
279 253 4
47 160 49
5 58 27
266 89 42
118 235 7
177 281 14
163 229 33
38 40 17
59 197 19
262 300 6
224 12 26
85 19 40
203 35 34
222 275 11
268 222 50
200 276 7
68 25 41
128 15 15
152 93 34
88 49 30
60 48 19
9 149 15
58 137 31
235 73 45
299 30 190
70 242 47
137 248 44
204 67 43
15 286 20
66 162 23
32 245 37
278 161 48
126 66 29
129 213 13
186 129 42
256 141 16
10 47 50
84 23 48
26 265 44
88 54 24
280 179 21
87 152 34
180 107 33
63 175 24
289 26 27
137 149 35
298 231 23
88 195 46
153 192 10
268 226 45
71 145 37
1 8 49
115 132 7
9 107 17
240 43 19
101 60 50
122 179 45
51 107 5
62 285 18
7 202 50
140 251 26
253 125 43
136 72 4
215 289 25
108 17 48
177 221 47
224 212 33
73 255 50
70 104 43
109 68 18
51 154 14
153 171 42
298 190 31
81 72 28
250 223 47
66 214 31
159 144 7
27 79 41
53 215 30
203 93 24
80 23 12
230 16 3
42 22 46
141 36 27
91 187 25
25 119 2
267 255 4
45 294 21
100 258 27
64 93 24
215 53 22
107 53 9
183 109 44
49 195 44
175 191 13
7 87 22
45 236 12
65 188 45
280 100 2
105 289 4
275 257 16
174 278 33
7 214 37
223 150 46
127 104 46
48 257 9
22 48 21
14 27 20
203 286 37
175 173 34
234 229 21
298 288 20
117 57 15
94 74 16
107 175 26
125 214 29
100 279 38
2 95 41
123 98 17
191 206 3
41 168 3
6 26 34
16 197 17
231 31 16
272 156 41
86 125 12
264 217 41
240 157 49
140 268 37
57 197 29
4 242 12
70 35 43
65 126 31
273 142 29
172 13 44
21 198 22
26 191 45
181 272 27
70 219 40
2 269 37
53 46 40
175 90 18
278 279 2
147 20 13
230 245 21
108 14 33
199 139 10
266 268 43
141 62 13
99 164 47
61 149 1
214 202 44
35 15 46
218 67 50
120 153 35
233 158 6
140 246 12
267 61 50
74 19 48
60 33 15
248 118 14
297 148 18
89 215 25
222 273 13
115 156 17
96 216 37
151 198 48
253 219 14
42 13 45
65 149 41
231 260 34
65 48 26
232 67 1
181 53 5
284 60 21
265 132 20
37 125 41
55 238 39
129 94 37
193 74 3
28 220 14
292 33 33
115 272 25
119 251 7
64 58 2
183 25 21
8 73 41
132 50 29
214 37 48
214 218 20
41 82 9
283 227 42
263 199 15
233 89 2
270 295 10
221 240 15
217 275 10
247 165 5
204 66 50
210 80 33
60 35 20
70 23 17
220 138 25
16 142 15
290 277 22
148 258 48
39 28 1
58 240 38
8 89 4
74 93 40
54 58 21
65 243 27
41 15 14
200 103 33
254 69 38
24 292 42
23 297 32
228 218 39
294 207 29
142 233 18
108 40 49
124 284 8
205 233 31
71 209 7
136 55 19
36 205 18
92 133 18
175 204 50
98 110 17
68 69 47
222 263 15
166 135 17
222 36 27
14 225 9
41 17 4
164 72 18
1 227 14
290 43 44
255 253 34
259 15 17
35 35 15
216 209 10
45 232 12
55 105 18
62 43 16
182 53 41
81 113 11
11 8 27
85 197 33
161 194 33
137 194 22
62 108 2
218 113 30
162 19 20
105 1 33
255 51 14
64 178 22
160 46 44
243 285 32
59 256 33
221 250 27
187 205 45
47 259 45
68 219 30
290 186 24
21 36 6
221 285 21
138 288 41
194 247 48
117 245 24
93 179 26
194 18 26
104 33 20
299 232 41
209 50 49
83 166 11
11 182 34
239 44 22
153 32 26
27 246 9
173 228 41
220 92 3
104 141 35
62 47 42
106 74 28
54 209 33
63 84 14
227 30 11
32 58 30
284 291 46
87 206 42
119 283 48
229 45 42
284 100 36
233 286 24
269 89 8
60 114 13
279 67 42
280 185 6
72 141 17
257 217 13
65 151 20
203 114 22
292 49 35
92 118 29
7 93 33
281 31 36
65 232 42
104 202 46
243 45 49
128 128 38
163 132 35
32 209 7
45 140 46
32 242 34
269 278 48
232 1 39
264 88 15
292 73 38
39 127 48
277 212 49
88 230 25
176 202 27
43 95 19
297 12 293
247 89 24
290 74 16
205 202 5
125 141 1
125 187 4
285 199 1
176 123 2
121 291 16
181 105 9
223 165 15
94 72 6
106 11 24
293 218 14
118 225 7
124 54 6
95 187 23
219 167 10
211 251 24
164 258 21
275 64 12
9 75 15
72 24 7
104 219 11
156 59 14
280 238 24
179 166 8
214 294 22
165 53 3
64 284 9
8 215 4
277 249 15
96 155 13
30 111 12
49 203 7
247 238 17
167 235 7
62 60 13
196 63 20
98 287 11
213 210 3
61 261 8
34 162 22
222 131 21
5 281 8
111 208 1
52 119 17
210 263 1
155 5 11
91 32 21
256 27 11
177 244 4
89 166 6
135 49 9
238 258 22
61 66 7
115 295 19
263 28 10
86 155 22
30 187 19
168 51 19
155 37 21
245 123 9
118 130 20
17 259 2
180 299 21
3 153 12
89 50 16
119 4 6
80 242 16
140 3 5
300 11 18
172 277 14
233 153 14
102 234 5
293 32 23
292 17 11
294 92 19
245 243 18
83 73 10
102 105 16
190 26 9
41 200 23
123 34 9
102 105 3
154 177 18
259 50 22
134 140 13
56 96 23
26 148 12
3 129 16
84 191 2
190 106 18
83 223 6
218 163 6
239 107 11
100 101 8
277 176 23
63 112 24
14 153 17
81 84 1
260 282 8
153 226 1
46 15 10
211 300 23
69 193 23
72 52 14
153 166 6
177 258 12
294 264 1
261 44 14
293 195 6
43 261 12
138 25 24
266 212 2
238 59 18
237 207 14
215 210 20
136 189 23
78 157 7
30 24 7
181 155 3
114 198 11
256 294 18
89 158 2
232 61 22
155 151 17
12 221 3
33 49 9
12 208 13
175 225 19
160 204 9
262 172 19
191 270 16
89 147 14
108 277 11
221 6 15
87 236 12
232 190 2
90 170 16
282 232 9
276 220 13
23 278 6
53 87 20
237 269 4
86 240 8
178 121 13
68 210 22
47 40 22
192 297 12
45 71 21
84 69 21
148 33 7
62 255 8
230 266 13
178 155 19
100 147 24
271 167 20
92 271 23
238 14 3
186 70 4
280 287 8
211 300 6
113 123 14
243 234 11
250 156 10
163 250 14
89 165 13
198 262 13
74 5 15
289 295 6
1 277 22
165 138 18
12 103 22
98 281 5
42 223 17
197 86 19
22 100 9
144 249 10
154 158 16
174 7 7
236 91 12
256 275 9
85 121 17
52 222 11
88 175 13
184 54 17
105 176 24
222 38 12
107 276 10
177 191 16
216 127 9
248 138 8
263 189 21
31 58 17
271 224 2
267 181 11
70 139 4
60 3 19
142 258 17
286 186 11
69 286 7
174 49 4
71 244 2
110 153 14
147 132 1
202 237 7
201 179 13
54 267 19
67 277 16
199 286 7
269 27 23
103 43 8
216 102 7
257 81 6
253 177 16
136 180 16
25 256 8
112 185 2
141 69 24
124 162 6
58 144 18
109 171 23
121 57 3
296 36 4
97 35 2
250 89 4
203 286 1
62 53 14
137 5 11
162 225 11
168 206 7
240 49 4
77 220 5
2 16 12
64 155 21
66 44 4
199 254 4
162 111 13
11 210 12
227 116 2
239 223 21
170 9 15
239 31 9
8 277 23
40 107 2
29 182 2
106 83 8
173 174 9
126 18 12
25 254 12
87 174 16
56 123 10
106 164 10
194 241 7
160 84 18
200 248 15
251 77 23
212 274 3
160 219 23
131 90 5
202 142 1
241 259 19
185 229 14
242 186 6
287 167 19
196 278 6
170 158 22
200 259 7
56 206 12
228 215 24
60 264 19
56 3 5
278 201 10
30 35 15
209 91 7
121 108 12
300 240 22
156 57 21
153 11 8
165 206 5
28 74 11
34 98 19
168 71 15
115 27 17
114 219 1
157 207 16
118 202 10
109 60 1
191 294 20
251 224 10
246 130 10
200 4 9
115 249 6
157 193 18
5 223 24
118 199 23
67 300 12
