3
297 23 227
222 60 12
251 142 12
237 6 33
6 220 19
44 232 17
11 237 14
94 189 18
76 294 3
190 177 19
137 240 23
112 236 18
16 273 17
150 261 34
201 115 21
266 114 33
196 265 25
51 114 34
268 285 34
185 136 31
88 118 34
244 280 1
63 225 42
259 50 11
117 168 13
152 11 46
73 251 30
70 4 18
160 147 10
275 130 46
122 185 3
150 252 14
92 275 13
269 217 16
90 122 10
279 283 11
219 61 26
130 173 27
170 271 28
237 232 24
38 232 24
196 216 22
147 17 29
160 58 21
56 172 30
208 217 14
102 157 32
185 57 35
274 56 37
154 271 6
25 54 16
183 25 14
264 36 34
226 151 5
15 87 10
111 260 21
42 27 38
243 30 24
255 136 28
84 2 42
98 144 18
63 126 38
90 162 1
190 267 7
152 102 5
200 277 46
45 113 10
65 105 21
248 223 2
243 226 25
71 78 37
235 228 5
75 224 20
184 53 33
226 158 45
35 300 34
254 234 8
60 241 4
188 287 20
176 168 5
120 46 11
300 245 2
9 253 31
280 122 36
71 213 10
37 292 6
182 202 29
134 246 8
140 13 28
224 50 10
255 298 33
173 150 35
28 172 37
238 235 31
22 31 9
6 93 18
120 229 25
242 59 22
65 248 12
60 81 28
60 253 23
131 18 5
115 246 28
34 164 12
3 259 9
270 119 25
237 136 28
101 102 39
84 66 9
152 129 25
250 81 14
141 199 11
92 238 29
246 224 43
194 66 10
41 152 1
182 28 37
259 105 28
257 53 1
259 202 1
124 251 30
152 42 2
49 219 36
60 165 22
122 55 18
229 110 32
158 134 17
283 235 5
171 187 18
134 136 18
90 183 16
276 151 36
133 280 32
258 34 12
238 40 5
36 78 2
198 7 7
255 221 23
163 222 13
278 29 2
91 254 36
172 297 37
16 203 16
126 266 22
232 127 41
135 121 34
56 157 31
49 137 5
264 43 20
214 190 3
276 117 4
48 82 33
67 175 44
160 45 21
294 247 1
273 56 26
156 117 27
26 287 20
20 157 1
2 169 35
30 9 5
51 278 29
72 45 18
277 220 42
54 146 25
265 39 16
68 82 22
280 54 36
177 57 5
155 213 8
273 233 44
180 249 2
38 296 40
5 209 2
53 283 15
31 198 18
200 207 3
154 184 5
199 109 44
166 144 14
236 173 18
223 193 29
102 91 17
114 108 14
26 156 2
233 67 40
275 132 13
271 281 18
93 36 20
248 191 22
76 32 24
159 77 22
239 282 14
175 286 32
255 236 29
182 175 23
252 40 6
234 146 35
48 4 7
42 197 11
40 27 10
109 211 26
147 20 23
67 15 19
120 151 31
231 44 24
204 198 19
77 111 15
282 166 9
125 288 23
2 255 43
25 135 40
70 13 46
186 9 3
67 235 12
268 99 25
239 168 6
67 145 13
287 233 13
127 155 3
154 113 18
81 25 16
262 79 4
109 51 28
78 26 24
11 84 27
299 259 34
195 42 43
140 8 22
267 277 33
45 245 8
82 243 22
129 210 22
169 84 17
232 231 4
16 20 8
161 86 29
237 128 26
259 135 18
228 75 40
3 148 46
61 168 17
193 84 4
269 242 39
28 17 12
206 150 4
227 273 13
32 87 30
48 71 11
173 29 31
196 290 16
193 219 32
286 49 22
253 72 6
241 256 15
51 195 6
256 56 15
259 80 21
163 162 26
152 112 14
93 229 13
17 198 20
207 36 14
287 14 27
91 257 29
96 221 44
17 74 36
44 95 12
42 81 24
107 37 1
99 176 5
197 183 9
115 34 6
147 289 40
56 202 46
143 241 38
58 134 9
196 34 5
99 237 28
158 61 24
156 281 22
175 127 40
18 289 45
37 102 13
146 51 3
124 285 5
17 260 40
169 286 2
5 47 34
211 247 7
249 114 41
154 81 41
291 16 46
74 276 30
50 135 7
122 84 40
103 184 27
27 185 2
300 24 219
115 226 30
102 16 7
52 295 28
292 297 33
130 180 30
185 252 38
202 117 36
149 10 16
165 83 16
216 27 41
270 111 45
253 297 4
89 184 14
171 53 12
245 255 19
232 100 36
122 89 30
173 239 48
218 286 24
69 166 35
149 138 5
272 294 4
246 39 11
79 175 25
105 6 38
2 293 46
200 268 16
44 187 46
216 95 15
142 210 22
176 278 7
145 178 14
129 212 42
260 195 4
249 205 47
269 212 36
80 75 11
104 109 13
20 80 21
231 15 25
276 68 38
292 279 20
96 271 45
63 125 29
160 203 18
172 168 5
138 243 43
262 129 31
237 174 16
156 133 30
87 250 17
280 211 10
67 300 29
138 63 4
74 203 7
127 86 5
234 262 38
129 179 44
90 15 8
52 3 46
161 151 42
124 223 11
134 98 4
284 18 42
14 92 12
219 126 20
114 172 26
60 79 45
192 226 44
86 180 47
130 168 8
196 283 22
5 54 3
140 23 2
69 112 10
123 273 2
267 62 20
125 47 44
171 147 40
49 109 10
231 190 34
48 76 21
246 109 15
5 286 9
31 192 15
255 277 32
227 171 21
176 32 40
85 24 28
34 209 46
76 120 40
246 9 33
168 130 30
292 45 15
254 20 30
221 204 1
51 240 5
245 18 46
129 28 20
197 254 3
16 160 28
44 31 27
243 41 46
164 112 47
150 207 36
203 119 16
20 191 37
109 16 9
142 52 39
265 210 10
26 269 38
34 257 48
296 17 21
13 294 43
250 15 33
210 54 2
3 235 25
186 86 21
170 285 28
249 123 28
255 106 41
163 11 6
159 41 7
84 118 42
39 174 22
167 300 21
211 146 24
55 208 19
278 218 48
186 66 45
195 168 34
244 69 40
81 242 40
127 232 47
201 44 8
2 246 30
94 208 19
255 139 42
198 99 20
203 121 4
140 239 31
272 216 32
174 294 22
38 83 19
226 122 46
82 248 48
10 214 37
227 80 29
229 82 38
214 135 26
211 132 40
1 285 26
149 221 42
279 280 8
242 66 16
39 283 2
56 211 21
61 78 39
139 261 37
244 131 18
166 105 39
104 137 27
16 103 47
59 205 48
154 189 11
220 149 36
240 131 7
64 12 37
100 67 30
263 293 2
123 277 5
183 159 14
109 128 16
242 244 14
7 178 48
246 125 7
265 292 37
168 190 14
94 17 46
246 261 45
290 122 6
161 246 27
200 219 44
239 31 7
40 194 14
188 160 11
265 294 2
271 283 44
79 102 8
64 267 31
196 219 11
91 203 32
142 37 2
11 181 28
159 253 30
104 116 19
70 40 31
277 283 12
214 181 34
230 228 10
228 271 15
83 129 12
46 161 2
169 58 2
74 82 39
147 198 37
157 241 19
12 17 30
91 190 9
13 54 36
202 205 46
45 185 30
266 184 33
234 61 3
67 18 43
199 68 24
103 180 6
110 30 34
22 45 28
290 93 45
18 299 26
21 191 5
62 181 5
75 4 24
252 148 47
73 43 12
22 202 5
273 185 32
149 42 32
241 299 13
164 191 22
225 144 8
140 286 47
263 135 43
131 145 11
235 252 11
13 76 25
172 21 11
4 102 37
243 278 26
13 70 31
132 300 20
79 96 24
140 262 6
6 138 13
166 243 6
71 153 11
171 130 27
27 159 23
58 177 15
56 236 10
33 147 42
206 227 4
167 165 8
47 278 46
211 277 15
264 182 29
274 88 19
220 295 30
68 195 6
290 97 48
217 58 26
87 193 30
79 34 3
18 242 42
4 31 4
286 246 9
234 29 42
262 289 14
177 38 12
298 285 8
161 230 5
219 50 24
270 203 36
292 96 30
76 191 40
188 63 28
297 213 39
104 292 30
36 83 7
118 213 5
53 127 29
73 291 21
9 8 16
19 29 2
160 167 13
76 104 37
107 118 33
242 74 11
144 241 41
187 120 9
147 109 32
139 115 24
174 180 31
47 98 29
34 22 33
132 222 34
120 107 12
141 37 4
193 3 43
300 14 246
224 200 19
86 101 8
217 219 16
261 187 8
151 91 10
169 100 3
37 161 18
8 67 1
278 62 22
29 241 3
166 76 7
52 114 17
266 59 17
25 268 22
87 31 13
50 215 27
194 226 1
251 141 24
66 166 22
209 70 11
98 168 28
97 123 3
30 173 20
226 214 22
233 167 3
156 122 3
96 156 18
240 197 21
197 206 18
267 270 11
19 128 13
112 261 25
3 250 10
255 75 1
151 298 6
138 185 16
100 293 16
288 194 11
90 273 20
231 148 21
19 200 1
77 291 17
207 153 1
207 115 5
276 70 22
64 6 12
261 95 18
180 66 16
27 236 27
82 64 15
143 174 13
218 170 19
153 119 5
296 263 9
231 88 16
185 236 8
71 217 27
23 110 17
119 223 16
229 196 27
78 19 19
287 92 17
289 203 12
86 11 19
237 240 24
262 100 24
87 247 6
197 105 17
58 188 1
72 210 4
293 84 4
129 235 5
138 78 23
179 71 17
131 287 10
237 211 23
123 16 4
120 31 20
12 39 28
33 266 9
265 80 12
93 167 26
123 130 2
157 47 9
8 299 12
272 172 20
259 106 19
183 274 11
234 225 11
160 24 17
80 4 18
45 78 24
15 257 7
122 125 10
256 239 5
294 105 2
48 120 12
180 163 5
43 120 11
269 131 2
155 156 27
18 29 28
237 243 19
153 142 14
123 113 1
175 62 16
113 150 14
125 29 3
256 155 6
112 279 5
212 198 6
124 5 24
31 131 24
254 185 24
213 33 14
76 86 20
265 12 18
19 257 10
242 296 19
262 156 20
115 32 15
196 221 8
101 235 24
298 204 12
269 106 28
283 180 15
169 161 14
74 9 25
220 194 22
23 221 26
148 121 27
229 112 15
142 2 19
14 113 4
204 164 11
142 222 11
244 151 1
17 48 5
58 249 14
149 131 18
78 191 13
273 269 12
151 142 27
78 22 19
268 157 10
61 208 7
158 189 18
33 259 25
106 79 24
221 143 6
242 213 19
230 126 4
211 196 11
94 61 17
146 227 23
231 75 21
117 257 25
241 60 16
260 183 17
47 55 12
98 170 23
253 231 9
197 151 17
184 174 24
102 22 1
100 71 15
205 217 26
200 98 12
148 82 8
214 130 14
215 231 13
41 159 13
279 143 4
86 293 10
252 8 20
102 262 10
74 160 5
137 63 20
75 151 12
47 219 10
189 36 19
226 232 15
143 221 25
63 246 12
160 276 6
164 19 5
86 107 14
33 144 28
295 71 1
66 185 24
91 196 5
79 270 22
33 135 19
181 113 3
173 79 27
150 4 5
98 227 27
250 162 6
34 152 1
50 143 22
76 22 12
240 276 8
174 126 1
235 25 20
10 293 25
140 95 10
106 269 1
178 216 27
152 208 9
253 57 24
191 59 15
108 289 18
132 229 6
292 87 8
264 236 2
70 147 22
90 162 17
107 170 1
179 195 28
217 38 2
80 91 17
158 215 6
207 258 5
238 230 18
42 209 17
290 288 22
300 196 22
118 257 6
294 266 21
299 146 17
19 61 4
203 88 2
241 239 17
9 272 25
8 265 21
211 243 25
58 278 7
223 42 10
125 143 2
261 118 6
295 119 13
277 262 18
166 12 7
202 131 18
67 138 10
149 126 20
211 156 17
191 295 20
13 175 19
299 86 8
1 198 14
227 194 2
256 126 25
254 234 24
231 250 20
173 29 13
56 114 11
105 186 26
292 18 9
127 277 22
63 5 7
239 131 22
92 18 27
239 286 17
56 290 13
264 263 6
61 60 10
152 96 26
4 123 13
229 264 27
275 272 2
3 82 14
38 287 28
220 246 25
151 215 2
117 297 4
101 281 24
108 255 23
281 225 5
295 239 11
26 182 11
106 274 5
72 46 2
129 147 17
197 163 13
43 208 25
177 199 6
197 176 12
190 158 19
213 159 2
149 39 14
148 180 24
24 21 22
268 150 27
231 216 28
48 196 15
80 288 26
165 67 28
98 195 25
171 120 8
