3
300 50 300
15 1 16
38 1 42
159 1 30
252 1 36
137 1 49
230 1 4
166 1 6
279 1 19
284 1 47
195 1 44
74 1 40
174 1 6
13 1 37
11 1 2
38 1 17
221 1 5
79 1 39
122 1 10
226 1 36
170 1 10
180 1 46
86 1 2
62 1 25
266 1 34
28 1 44
5 1 15
197 1 15
224 1 20
78 1 48
262 1 35
221 1 25
106 1 36
247 1 14
267 1 39
176 1 32
33 1 3
280 1 37
122 1 15
84 1 48
298 1 47
139 1 39
231 1 30
169 1 39
75 1 5
6 1 3
170 1 12
132 1 6
176 1 24
201 1 11
219 1 4
300 1 43
200 1 19
42 1 37
204 1 8
223 1 6
167 1 22
143 1 14
35 1 9
116 1 33
164 1 39
19 1 1
168 1 42
215 1 46
73 1 25
12 1 35
146 1 1
20 1 14
7 1 5
148 1 26
26 1 39
162 1 13
248 1 22
2 1 16
290 1 46
47 1 5
14 1 7
118 1 15
190 1 10
220 1 26
101 1 15
93 1 30
23 1 31
267 1 47
29 1 23
123 1 9
216 1 35
183 1 26
276 1 7
263 1 16
283 1 34
226 1 7
66 1 42
114 1 16
245 1 19
127 1 7
82 1 48
288 1 16
16 1 33
296 1 35
2 1 46
96 1 23
87 1 42
222 1 30
215 1 9
227 1 12
234 1 2
222 1 1
280 1 23
18 1 37
261 1 14
269 1 33
26 1 27
93 1 42
244 1 3
54 1 24
274 1 49
51 1 4
236 1 40
299 1 40
172 1 15
74 1 11
211 1 15
267 1 14
289 1 44
70 1 27
106 1 14
58 1 40
8 1 29
218 1 48
116 1 38
177 1 6
197 1 16
232 1 11
104 1 24
4 1 15
5 1 28
244 1 29
153 1 27
166 1 3
39 1 45
228 1 23
293 1 12
43 1 38
288 1 2
138 1 14
292 1 16
165 1 13
140 1 7
21 1 30
140 1 24
113 1 6
81 1 22
184 1 5
116 1 8
161 1 30
179 1 41
57 1 50
222 1 7
155 1 50
267 1 2
93 1 27
172 1 41
69 1 24
116 1 48
239 1 18
182 1 50
153 1 46
185 1 17
165 1 18
70 1 33
216 1 3
286 1 3
110 1 1
166 1 44
227 1 12
242 1 18
254 1 21
215 1 9
197 1 48
227 1 10
278 1 31
181 1 47
72 1 17
274 1 30
16 1 30
29 1 41
16 1 21
97 1 45
42 1 36
12 1 47
10 1 14
238 1 18
16 1 22
216 1 47
188 1 21
241 1 29
212 1 21
26 1 32
24 1 23
29 1 39
51 1 5
154 1 9
168 1 40
70 1 16
132 1 35
185 1 33
37 1 33
51 1 19
210 1 3
149 1 4
56 1 36
28 1 16
134 1 19
225 1 31
122 1 36
21 1 31
245 1 44
204 1 29
253 1 5
267 1 19
89 1 10
79 1 36
243 1 45
215 1 22
290 1 17
59 1 11
125 1 39
163 1 27
62 1 6
187 1 32
163 1 8
255 1 25
173 1 12
209 1 49
28 1 14
116 1 9
290 1 12
235 1 25
15 1 5
39 1 2
80 1 3
52 1 27
270 1 35
186 1 22
191 1 20
271 1 2
160 1 35
186 1 42
86 1 34
252 1 20
221 1 11
69 1 15
33 1 13
195 1 48
135 1 37
185 1 26
177 1 39
160 1 36
126 1 9
87 1 36
191 1 25
166 1 44
247 1 43
216 1 33
248 1 2
134 1 37
287 1 40
161 1 35
294 1 9
224 1 6
81 1 31
5 1 41
224 1 26
9 1 21
214 1 14
178 1 19
23 1 16
274 1 13
234 1 10
54 1 9
93 1 9
226 1 40
232 1 33
215 1 11
68 1 13
251 1 9
185 1 37
248 1 33
85 1 9
115 1 29
137 1 5
290 1 22
188 1 6
37 1 5
288 1 27
297 1 48
266 1 39
184 1 46
235 1 25
119 1 36
300 50 300
219 1 34
13 1 10
194 1 20
299 1 15
206 1 29
166 1 35
272 1 12
278 1 1
172 1 26
217 1 34
19 1 20
45 1 44
246 1 35
145 1 39
238 1 28
80 1 27
163 1 6
254 1 7
95 1 28
96 1 30
239 1 19
139 1 31
82 1 17
241 1 42
80 1 17
293 1 16
50 1 10
282 1 20
11 1 32
175 1 17
142 1 17
242 1 38
227 1 16
259 1 50
281 1 3
245 1 34
215 1 33
217 1 13
41 1 46
75 1 50
258 1 41
231 1 10
271 1 25
52 1 35
289 1 37
245 1 8
95 1 41
143 1 15
235 1 30
160 1 41
166 1 17
22 1 29
115 1 4
288 1 10
31 1 15
57 1 31
274 1 33
37 1 47
164 1 26
40 1 26
222 1 38
236 1 38
213 1 40
140 1 40
168 1 46
296 1 49
158 1 44
171 1 5
287 1 43
280 1 42
189 1 32
90 1 34
154 1 19
253 1 45
207 1 40
174 1 20
159 1 19
58 1 22
284 1 3
120 1 43
120 1 43
245 1 16
55 1 44
144 1 6
218 1 44
49 1 11
35 1 26
151 1 39
23 1 29
100 1 7
116 1 10
185 1 13
11 1 46
125 1 22
278 1 45
38 1 42
67 1 36
134 1 49
134 1 40
165 1 19
101 1 46
230 1 18
297 1 33
269 1 42
68 1 38
149 1 46
241 1 50
291 1 44
287 1 10
177 1 33
257 1 15
139 1 18
79 1 44
177 1 4
61 1 29
162 1 30
163 1 49
283 1 12
10 1 12
196 1 3
44 1 20
245 1 50
157 1 49
95 1 1
24 1 31
223 1 7
86 1 47
78 1 14
168 1 32
101 1 20
297 1 14
113 1 38
40 1 30
18 1 46
170 1 31
90 1 8
202 1 50
26 1 49
97 1 20
163 1 5
19 1 14
20 1 17
181 1 26
297 1 49
29 1 29
101 1 10
213 1 42
230 1 7
223 1 33
172 1 40
198 1 38
54 1 11
117 1 18
32 1 27
151 1 15
34 1 41
20 1 33
102 1 13
121 1 30
85 1 17
217 1 33
33 1 41
147 1 46
285 1 23
261 1 49
51 1 22
241 1 23
102 1 15
156 1 11
228 1 30
182 1 50
106 1 31
189 1 18
227 1 35
144 1 49
271 1 50
80 1 10
208 1 25
69 1 44
250 1 7
164 1 34
226 1 28
297 1 41
32 1 9
19 1 34
297 1 31
123 1 19
256 1 32
227 1 20
277 1 19
58 1 20
259 1 21
249 1 32
82 1 28
52 1 1
39 1 33
126 1 44
300 1 47
203 1 6
215 1 20
215 1 23
148 1 21
197 1 1
22 1 30
268 1 40
151 1 24
105 1 46
184 1 27
133 1 21
285 1 28
199 1 12
166 1 18
233 1 20
173 1 2
161 1 13
98 1 6
136 1 33
60 1 25
295 1 48
137 1 48
145 1 23
247 1 40
58 1 6
87 1 19
232 1 11
139 1 28
54 1 3
16 1 10
293 1 16
93 1 18
249 1 14
243 1 18
107 1 50
192 1 38
98 1 43
167 1 28
3 1 45
161 1 50
235 1 20
212 1 2
142 1 13
246 1 31
86 1 28
115 1 37
273 1 34
49 1 2
273 1 33
5 1 37
257 1 38
246 1 1
220 1 47
71 1 19
125 1 36
133 1 46
293 1 18
137 1 27
246 1 4
94 1 10
104 1 25
222 1 21
83 1 5
29 1 30
280 1 34
107 1 44
6 1 28
245 1 10
266 1 49
275 1 33
54 1 14
116 1 16
218 1 22
295 1 26
161 1 25
23 1 14
142 1 10
43 1 2
47 1 36
9 1 48
110 1 42
64 1 26
205 1 26
174 1 1
14 1 46
5 1 5
242 1 34
123 1 50
285 1 33
274 1 10
106 1 1
254 1 47
237 1 34
95 1 41
33 1 40
72 1 36
198 1 17
71 1 47
254 1 42
232 1 28
118 1 16
143 1 23
300 50 300
82 2 3
232 1 1
108 2 2
136 1 3
268 2 2
235 2 2
293 2 2
56 1 2
243 1 2
162 1 3
94 2 2
119 1 1
146 1 3
106 1 2
204 2 1
14 2 3
247 2 3
15 1 1
78 1 3
16 2 1
31 2 3
273 2 1
99 2 1
223 1 1
64 2 3
34 1 1
250 2 3
149 1 1
14 2 2
148 1 2
122 1 3
192 2 2
241 2 1
179 2 1
127 1 3
229 2 1
249 1 1
291 2 1
276 1 1
66 1 3
150 1 1
283 2 1
233 1 2
64 2 3
3 2 1
131 2 3
253 1 3
195 2 2
162 1 2
260 1 3
18 2 1
198 1 2
71 1 2
85 2 3
68 1 2
24 1 2
216 2 3
280 2 3
291 2 2
35 2 2
131 2 2
297 1 3
144 2 1
292 2 1
59 1 3
79 1 1
184 1 2
201 1 3
146 2 2
70 1 1
149 1 2
154 1 1
84 2 2
275 2 2
293 1 1
185 2 2
122 1 3
57 1 3
190 2 2
283 1 2
193 1 2
274 1 2
188 1 2
264 1 1
74 2 2
17 1 3
209 1 1
73 1 3
26 2 3
73 1 2
92 1 2
201 2 2
147 2 3
184 2 3
246 2 1
143 1 1
171 2 1
295 1 3
258 2 3
30 2 2
277 1 2
67 2 3
7 2 3
17 2 1
87 2 1
274 2 1
2 2 3
216 2 2
198 2 2
62 1 3
59 2 3
281 1 1
144 2 2
33 2 2
188 1 3
160 2 3
143 1 2
186 1 3
128 2 2
187 2 2
229 1 2
167 2 2
93 1 2
125 2 2
176 1 2
22 1 3
93 1 3
208 1 1
49 1 2
27 1 2
178 2 1
137 1 2
116 1 1
141 1 2
186 1 3
135 2 1
237 1 2
217 1 1
195 2 1
269 1 3
46 1 1
166 2 2
120 1 3
281 1 2
49 1 2
42 2 1
33 1 1
243 2 3
285 2 3
143 1 3
86 1 2
288 1 2
82 1 3
6 2 3
177 1 3
237 2 3
269 2 1
27 2 2
197 1 1
296 2 3
103 2 3
32 1 2
266 2 1
43 2 2
193 2 3
299 2 1
201 2 2
79 2 3
235 2 1
12 1 1
98 1 1
109 1 3
71 1 3
256 2 2
235 1 1
6 2 2
275 2 1
128 1 2
167 1 3
125 1 3
166 1 2
51 2 2
209 1 2
4 1 1
13 1 1
246 1 1
300 1 2
205 1 2
299 1 1
243 1 1
285 1 1
187 1 1
280 1 2
149 1 3
220 2 3
279 1 3
158 1 3
214 1 2
147 2 3
267 1 2
75 2 2
110 1 1
72 2 2
30 1 2
256 2 3
274 1 2
298 2 3
183 2 1
34 2 2
176 2 1
230 2 1
190 2 1
61 1 3
258 2 3
65 2 1
145 2 1
123 2 1
189 1 3
173 1 3
215 1 2
248 2 3
151 2 1
55 2 3
199 1 1
214 2 2
300 2 1
71 2 3
145 2 1
67 1 1
276 1 2
136 1 1
3 2 3
132 1 1
286 2 1
5 1 2
135 2 1
280 1 3
85 2 3
89 2 3
115 1 1
263 2 3
226 1 3
261 2 1
96 2 3
173 2 2
182 1 1
292 2 2
34 2 3
40 1 1
7 1 2
85 2 1
299 1 2
284 1 3
58 2 3
132 1 1
280 1 1
109 1 3
36 1 2
161 1 1
217 1 3
277 1 1
298 1 3
163 1 3
19 2 1
299 1 1
189 1 2
201 1 3
126 1 2
244 1 2
173 2 1
93 1 3
79 1 3
61 2 3
193 2 1
168 2 3
111 1 3
195 1 2
258 2 1
57 1 3
146 2 3
52 1 3
71 2 1
206 1 3
260 1 1
220 1 3
70 1 2
145 2 2
28 2 3
194 1 3
255 2 2
134 2 1
92 1 2
67 2 3
79 2 3
165 2 2
12 1 1
72 2 3
86 1 2
182 2 2
42 1 2
