3
296 29 161
106 109 29
62 224 29
257 95 29
290 5 29
104 275 29
153 298 29
71 85 29
286 140 29
4 96 29
288 114 29
28 279 29
68 176 29
115 285 29
252 60 29
131 255 29
97 197 29
108 215 29
174 191 29
263 218 29
59 216 29
6 142 29
279 4 29
84 130 29
115 84 29
220 224 29
11 100 29
111 198 29
104 279 29
34 178 29
225 122 29
228 172 29
141 261 29
187 221 29
299 167 29
42 13 29
44 64 29
196 19 29
160 86 29
65 292 29
129 203 29
260 283 29
83 215 29
223 236 29
194 53 29
136 148 29
52 156 29
134 161 29
25 6 29
110 295 29
265 190 29
184 57 29
260 189 29
97 118 29
113 8 29
214 175 29
226 54 29
238 252 29
268 140 29
117 90 29
162 85 29
264 188 29
234 115 29
229 95 29
235 68 29
266 252 29
4 143 29
187 291 29
173 50 29
152 85 29
290 141 29
116 85 29
92 296 29
215 173 29
200 98 29
209 90 29
198 256 29
208 217 29
3 100 29
299 234 29
13 264 29
209 75 29
53 127 29
121 212 29
230 211 29
211 160 29
91 102 29
173 43 29
293 110 29
97 239 29
161 268 29
71 6 29
185 110 29
71 74 29
256 103 29
266 15 29
36 221 29
135 66 29
262 134 29
97 182 29
133 269 29
107 283 29
248 176 29
262 195 29
217 199 29
282 200 29
12 247 29
70 142 29
252 91 29
239 220 29
177 159 29
201 1 29
288 58 29
241 271 29
124 200 29
104 82 29
233 200 29
42 208 29
192 104 29
261 34 29
110 60 29
205 206 29
134 49 29
95 130 29
87 81 29
293 236 29
35 128 29
116 123 29
89 142 29
36 3 29
146 207 29
160 39 29
14 166 29
295 257 29
102 112 29
257 185 29
75 76 29
187 242 29
158 290 29
149 166 29
3 234 29
114 264 29
284 128 29
17 38 29
11 89 29
176 221 29
46 299 29
22 284 29
217 169 29
276 210 29
282 246 29
121 21 29
49 43 29
189 90 29
120 122 29
210 22 29
35 17 29
58 130 29
91 291 29
257 40 29
56 70 29
267 195 29
53 121 29
35 158 29
28 144 29
56 108 29
53 60 29
1 72 29
14 117 29
270 111 29
108 109 29
164 217 29
115 245 29
145 265 29
155 104 29
239 236 29
120 93 29
165 274 29
12 249 29
167 273 29
12 274 29
170 80 29
235 86 29
109 85 29
59 194 29
208 103 29
82 110 29
74 13 29
96 37 29
30 140 29
256 96 29
11 278 29
58 46 29
53 10 29
42 233 29
69 178 29
280 67 29
102 218 29
196 135 29
278 155 29
135 283 29
166 77 29
180 161 29
100 57 29
164 201 29
111 276 29
12 277 29
86 96 29
146 8 29
135 114 29
56 42 29
207 191 29
213 84 29
95 115 29
91 181 29
126 34 29
147 45 29
176 44 29
221 228 29
112 252 29
73 247 29
73 178 29
176 243 29
196 77 29
15 60 29
224 267 29
289 137 29
193 296 29
94 191 29
192 110 29
38 271 29
131 123 29
65 297 29
74 83 29
42 93 29
239 113 29
188 168 29
253 256 29
228 134 29
84 241 29
111 29 29
259 32 29
175 271 29
284 141 29
117 89 29
167 169 29
264 192 29
168 8 29
206 183 29
51 185 29
31 28 29
80 34 29
279 170 29
284 76 29
230 141 29
271 163 29
261 62 29
258 187 29
220 35 29
65 207 29
171 17 29
49 129 29
170 258 29
246 1 29
22 183 29
122 94 29
89 61 29
270 197 29
177 86 29
66 144 29
215 265 29
278 262 29
287 125 29
285 292 29
180 60 29
67 61 29
266 106 29
190 295 29
171 154 29
287 251 29
60 163 29
126 50 29
270 234 29
234 33 29
198 171 29
73 280 29
283 55 29
3 24 29
65 152 29
1 233 29
272 238 29
174 253 29
6 135 37
34 42 29
248 223 29
24 180 29
282 265 29
296 41 107
139 2 41
53 164 41
265 129 41
14 47 41
242 14 41
175 107 41
262 29 41
232 77 41
160 110 41
21 34 41
231 73 41
196 257 41
105 262 41
153 166 41
38 74 41
32 65 41
53 124 41
10 61 41
30 216 41
24 30 41
185 249 41
98 169 41
226 196 41
61 168 41
117 132 41
264 60 41
241 286 41
108 196 41
66 170 41
151 38 41
37 178 41
66 237 41
172 210 41
270 195 41
89 96 41
216 176 41
284 133 41
63 123 41
96 282 41
187 133 41
175 251 41
261 256 41
45 179 41
233 105 41
4 82 41
178 119 41
299 22 41
261 24 41
63 106 41
142 203 41
102 99 41
93 131 41
141 41 41
211 160 41
269 50 41
29 251 41
6 296 41
286 214 41
93 206 41
231 142 41
235 54 41
111 206 41
161 66 41
31 269 41
109 59 41
177 4 41
204 132 41
241 173 41
242 139 41
140 127 41
20 182 41
236 95 41
227 258 41
50 82 41
6 172 41
3 144 41
1 12 41
17 271 41
224 87 41
176 218 41
22 233 41
134 189 41
136 185 41
227 84 41
45 222 41
51 20 41
12 265 41
265 193 41
296 110 41
52 124 41
156 53 41
273 191 41
284 227 41
77 134 41
116 182 41
84 231 41
278 275 41
10 226 41
64 296 41
213 25 41
109 75 41
55 184 41
124 83 41
113 234 41
258 48 41
206 11 41
50 43 41
37 275 41
274 197 41
78 135 41
191 300 41
210 141 41
108 32 41
78 86 41
112 271 41
27 11 41
250 71 41
138 293 41
266 250 41
148 271 41
299 292 41
258 298 41
247 72 41
259 174 41
298 137 41
16 99 41
114 224 41
176 291 41
254 216 41
33 74 41
195 277 41
16 183 41
67 154 41
237 159 41
267 240 41
81 79 41
38 227 41
38 118 41
102 263 41
55 214 41
243 296 41
172 204 41
1 63 41
42 213 41
229 263 41
198 146 41
257 76 41
297 209 41
290 68 41
71 124 41
209 15 41
295 89 41
25 284 41
121 76 41
244 279 41
64 246 41
82 21 41
101 14 41
215 198 41
288 210 41
218 160 41
199 40 41
56 93 41
73 124 41
218 144 41
196 170 41
256 264 41
150 249 41
235 136 41
157 192 41
267 220 41
7 57 41
137 220 41
13 45 41
217 242 41
85 253 41
289 62 41
95 279 41
101 106 41
68 76 41
268 245 41
202 287 41
3 121 41
262 119 41
199 46 41
170 52 41
150 33 41
166 17 41
247 227 41
104 189 41
149 153 41
146 117 41
280 198 41
241 107 41
265 209 41
98 202 41
271 134 41
184 282 41
117 219 41
91 91 41
112 266 41
16 102 41
126 105 41
257 64 41
14 147 41
213 3 41
13 197 41
220 194 41
85 107 41
155 237 41
6 163 41
37 13 41
29 20 6
122 289 41
107 185 41
300 87 41
83 36 41
71 113 41
141 165 41
283 104 41
244 272 41
247 198 41
247 153 41
132 44 41
33 239 41
244 252 41
165 201 41
113 160 41
292 132 41
5 256 41
84 110 41
96 2 41
11 250 41
163 272 41
278 274 41
78 273 41
60 245 41
262 288 41
271 175 41
89 279 41
224 178 41
129 33 41
265 148 41
208 210 41
120 169 41
208 126 41
114 65 41
215 255 41
219 90 41
37 23 41
188 35 41
126 251 41
292 68 41
255 9 41
221 159 41
13 143 41
144 152 41
157 224 41
279 126 41
266 287 41
229 282 41
145 294 41
183 27 41
60 244 41
197 250 41
298 188 41
168 4 41
264 12 41
76 163 41
117 108 41
225 132 41
216 220 41
75 109 41
284 46 41
122 171 41
201 258 41
193 93 41
64 143 41
245 229 41
237 165 41
203 263 41
225 106 41
25 103 41
275 125 41
70 89 41
226 152 41
239 177 41
236 293 41
284 73 41
284 115 41
165 133 41
20 145 41
82 243 41
197 281 41
92 110 41
145 44 41
300 38 94
149 87 38
196 232 38
95 277 38
210 7 38
195 175 38
34 232 38
204 151 38
50 160 38
114 42 38
124 159 38
287 104 38
201 219 38
260 21 38
263 42 38
144 69 38
202 8 38
60 180 38
1 213 38
214 228 38
27 53 38
241 61 38
25 179 38
264 76 38
221 270 38
115 183 38
90 245 38
88 211 38
55 65 38
211 172 38
174 243 38
196 27 38
270 269 38
39 297 38
182 242 38
165 199 38
36 141 19
38 152 38
80 144 38
193 16 38
78 46 38
214 86 38
57 297 38
272 276 38
54 14 38
286 124 38
71 146 38
278 195 38
3 121 38
183 241 38
173 158 38
4 201 38
91 178 38
124 39 38
73 79 38
105 64 38
242 8 38
23 90 38
271 247 38
196 84 38
66 121 38
22 175 38
217 188 38
129 118 38
137 34 38
51 164 38
185 21 38
2 236 38
68 68 38
23 255 38
32 297 38
108 110 38
283 253 38
258 177 38
245 122 38
276 165 38
249 42 38
65 128 38
108 137 38
141 205 38
270 245 38
158 213 38
137 78 38
252 28 38
173 103 38
191 298 38
153 145 38
115 16 38
237 35 38
49 152 38
194 65 38
251 242 38
252 58 38
109 33 38
36 133 38
249 215 38
157 105 38
99 187 38
300 262 38
248 266 38
96 258 38
137 264 38
33 273 38
73 280 38
203 239 38
64 188 38
172 178 38
77 143 38
59 174 38
287 233 38
94 216 38
12 238 38
97 134 38
177 295 38
66 128 38
48 30 38
22 49 38
234 76 38
114 45 38
138 207 38
281 175 38
157 136 38
193 257 38
264 144 38
241 63 38
15 14 38
121 283 38
183 211 38
117 179 38
178 57 38
64 63 38
122 181 38
196 209 38
95 259 38
73 34 38
290 82 38
261 59 38
256 156 38
191 284 38
250 95 38
47 165 38
153 33 38
166 275 38
289 19 38
170 26 38
226 44 38
93 257 38
289 52 38
130 31 38
164 59 38
295 16 38
24 18 38
43 210 38
300 86 38
257 102 38
234 201 38
74 235 38
69 299 38
289 154 38
290 290 38
71 237 38
105 43 38
178 111 38
68 291 38
32 178 38
254 230 38
45 51 38
270 101 38
202 47 38
7 264 38
73 139 38
253 92 38
277 222 38
50 29 38
229 119 38
102 27 38
107 265 38
52 233 38
17 192 38
87 167 38
260 255 38
264 8 38
46 37 38
52 122 38
225 168 38
60 117 38
268 193 38
63 248 38
236 59 38
2 8 38
149 75 38
237 187 38
287 152 38
283 197 38
139 56 38
39 232 38
46 30 38
30 234 38
11 94 38
209 135 38
43 56 38
98 271 38
274 137 38
81 159 38
184 23 38
222 300 38
292 293 38
3 216 38
244 154 38
297 272 38
121 226 38
169 182 38
207 7 38
292 111 38
97 274 38
50 106 38
205 265 38
13 163 38
294 276 38
75 242 38
7 208 38
231 99 38
21 261 38
286 240 38
283 171 38
290 18 38
158 54 38
256 209 38
177 295 38
277 71 38
16 180 38
281 15 38
197 143 38
251 195 38
119 81 38
250 90 38
160 158 38
261 279 38
250 214 38
225 256 38
261 159 38
49 122 38
64 185 38
277 289 38
63 50 38
57 292 38
224 239 38
85 264 38
280 152 38
271 114 38
17 38 38
300 185 38
55 37 38
291 300 38
139 131 38
1 53 38
68 144 38
124 75 38
238 50 38
164 29 38
120 255 38
135 257 38
74 207 38
261 34 38
16 93 38
26 79 38
62 34 38
291 276 38
150 138 38
53 211 38
71 111 38
11 234 38
293 186 38
25 23 38
8 227 38
158 15 38
119 155 38
62 94 38
164 116 38
240 188 38
28 48 38
77 154 38
29 146 38
207 241 38
48 282 38
71 154 38
126 205 38
191 52 38
225 61 38
146 43 38
140 60 38
207 49 38
162 188 38
68 136 38
105 209 38
211 293 38
100 223 38
1 66 38
241 233 38
187 206 38
241 219 38
