3
299 50 264
131 80 50
98 200 50
193 176 50
197 44 50
102 149 50
17 188 50
186 166 50
110 245 50
25 228 50
264 248 50
138 196 50
243 251 50
8 4 50
113 238 50
78 298 50
217 203 50
292 130 50
154 199 50
77 115 50
88 171 50
16 81 50
142 278 50
68 238 50
67 229 50
189 213 50
19 178 50
133 183 50
217 228 50
140 255 50
208 253 50
137 22 50
155 243 50
244 118 50
122 179 50
149 160 50
234 219 50
78 102 50
100 291 50
264 271 50
170 182 50
128 197 50
234 118 50
4 217 50
102 204 50
117 242 50
66 175 50
286 117 50
123 297 50
261 140 50
259 49 50
227 221 50
44 293 50
254 220 50
103 192 50
39 21 50
137 276 50
275 113 50
99 14 50
268 88 50
35 81 50
219 239 50
31 154 50
5 161 50
22 11 50
33 264 50
279 117 50
133 201 50
128 86 50
46 214 50
250 278 50
141 142 50
154 125 50
221 261 50
126 150 50
40 214 50
138 111 50
82 2 50
14 59 50
188 240 50
252 130 50
48 25 50
30 5 50
4 247 50
215 216 50
135 141 50
263 56 50
47 153 50
18 52 50
274 264 50
49 112 50
99 191 50
280 73 50
133 14 50
199 26 50
94 148 50
284 190 50
45 193 50
50 197 50
172 127 50
139 63 50
24 103 50
224 29 50
244 242 50
221 52 50
72 221 50
193 125 50
47 225 50
104 28 50
294 163 50
159 294 50
82 117 50
175 102 50
289 78 50
132 69 50
269 135 50
171 74 50
226 52 50
70 86 50
112 116 50
124 140 50
221 248 50
238 281 50
198 259 50
275 121 50
265 224 50
112 49 50
70 124 50
229 4 50
178 215 50
71 223 50
58 90 16
192 175 50
129 208 50
254 196 50
200 150 50
293 176 50
71 246 50
64 222 50
98 51 50
223 276 50
169 118 50
44 35 50
10 112 50
70 243 50
184 223 50
48 136 50
169 145 50
140 108 50
87 286 50
254 65 50
234 10 50
228 128 50
212 37 50
55 23 50
278 142 50
103 171 50
52 229 50
67 154 50
176 15 50
85 267 50
158 31 50
36 50 50
26 143 50
87 247 50
228 231 50
197 68 50
78 134 50
234 149 50
93 9 50
171 158 50
52 113 50
217 239 50
193 119 50
176 181 50
229 67 50
234 134 50
36 24 50
203 40 50
135 119 50
293 287 50
83 71 50
15 192 50
67 260 50
128 198 50
83 289 50
138 162 50
99 155 50
263 23 50
80 248 50
195 175 50
295 237 50
98 53 50
37 188 50
226 252 50
75 272 50
55 81 50
73 205 50
205 236 50
140 148 50
137 157 50
67 18 50
299 192 50
292 73 50
32 215 50
46 253 50
282 29 50
249 146 50
238 20 50
3 43 50
49 199 50
274 35 50
153 17 50
294 44 50
74 12 50
213 59 50
297 116 50
28 108 50
150 181 50
42 198 50
180 162 50
45 13 50
286 8 50
119 190 50
164 141 50
222 86 50
236 186 50
132 106 50
121 122 50
231 244 50
145 15 50
52 91 50
201 244 50
244 104 50
41 178 50
26 208 50
193 268 50
62 123 50
299 263 50
217 219 50
96 158 50
92 133 50
108 25 50
53 290 50
135 225 50
154 198 50
91 131 50
230 91 50
111 258 50
113 219 50
39 154 50
158 207 50
109 257 50
110 297 50
300 211 50
73 52 50
205 93 50
250 44 50
193 111 50
71 58 50
50 289 50
81 229 50
7 165 50
72 91 50
64 252 50
250 275 50
74 298 50
85 6 50
283 234 50
137 291 50
47 155 50
290 82 50
281 215 50
251 83 50
217 228 50
118 224 50
36 228 50
283 281 50
31 285 50
217 1 50
200 275 50
299 243 50
81 113 50
141 73 50
254 167 50
49 22 50
16 162 50
283 8 50
17 280 50
138 175 50
279 99 50
218 226 50
99 224 50
157 164 50
273 245 50
60 257 50
262 78 50
149 106 50
152 241 50
178 292 50
295 47 67
89 300 47
88 85 47
77 8 47
100 14 47
273 274 47
53 83 47
117 85 47
295 96 47
112 31 47
262 148 47
58 129 47
35 97 47
97 51 47
72 137 47
246 181 47
62 251 47
80 37 47
126 105 47
181 281 47
231 257 47
300 136 47
127 207 47
118 106 47
122 47 47
121 158 47
230 68 47
203 154 47
158 31 47
236 220 47
273 285 47
252 281 47
286 168 47
68 52 47
59 232 47
190 127 47
58 287 47
230 298 47
212 257 47
1 243 47
22 262 47
26 259 47
290 144 47
137 110 47
185 160 47
284 159 47
56 161 47
250 257 47
107 38 47
7 287 47
48 73 47
264 178 47
252 136 47
285 281 47
3 204 47
132 162 47
174 269 47
123 183 47
96 95 47
186 141 47
155 10 47
254 286 47
97 244 47
173 279 47
19 163 47
203 235 47
143 120 47
125 248 47
61 8 47
57 23 47
188 244 47
123 95 47
85 124 47
57 259 47
259 20 47
273 64 47
164 181 47
187 60 47
232 247 47
267 174 47
45 58 47
29 50 47
169 278 47
76 185 47
188 290 47
171 157 47
136 205 47
174 172 47
12 161 47
294 297 47
185 134 47
71 285 14
117 9 47
8 149 47
94 226 47
126 22 47
188 78 47
49 235 47
155 157 47
33 93 47
8 31 47
121 89 47
152 128 47
18 300 47
135 114 47
9 174 47
286 162 47
190 189 47
163 126 47
154 10 47
144 184 47
63 296 47
2 270 47
227 233 47
97 124 47
172 103 47
29 115 47
63 75 47
229 182 47
40 227 47
222 292 47
148 178 47
20 219 47
28 33 47
136 139 47
155 247 47
95 283 47
278 139 47
253 78 47
240 237 47
284 233 47
208 176 47
191 117 47
122 51 47
216 4 47
300 9 47
44 5 47
113 125 47
43 265 47
275 10 47
140 157 47
176 126 47
164 87 47
29 59 47
171 6 47
35 119 47
98 62 47
33 5 47
254 237 47
222 135 47
66 145 47
210 61 47
221 276 47
209 152 47
97 286 47
139 110 47
98 252 47
229 137 47
114 94 47
202 149 47
33 12 47
145 189 47
231 11 47
99 222 47
162 294 47
267 222 47
6 227 47
261 285 47
293 254 47
254 82 47
207 214 47
198 57 47
119 128 47
64 88 47
85 7 47
39 211 47
64 203 47
71 99 47
182 37 47
5 177 47
48 56 47
284 284 47
148 262 47
271 160 47
94 283 47
271 110 47
275 213 47
260 19 47
250 63 47
237 263 47
145 290 47
109 133 47
285 148 47
216 130 47
26 160 47
22 22 47
113 23 47
85 170 47
222 16 47
277 14 47
217 241 47
127 230 47
185 83 47
74 143 47
42 206 47
300 203 47
61 296 47
131 70 47
199 24 47
58 222 47
35 267 47
42 64 47
202 118 47
272 1 47
74 219 47
269 280 47
252 298 47
54 9 47
102 231 47
238 284 47
149 85 47
73 127 47
151 265 47
106 175 47
221 20 47
167 184 47
138 173 47
251 94 47
17 116 47
234 143 47
300 228 47
191 84 47
241 161 47
20 150 47
140 285 47
229 47 47
143 34 47
103 181 47
165 133 47
294 186 47
138 86 47
120 216 47
204 144 47
65 32 47
207 26 47
151 243 47
24 240 47
125 56 47
221 179 47
42 225 47
164 186 47
279 192 47
12 126 47
26 52 47
105 88 47
97 45 47
9 281 47
222 86 47
67 158 47
232 149 47
6 293 47
4 85 47
50 126 47
184 157 47
240 88 47
248 265 47
262 207 47
153 166 47
167 245 47
32 6 47
72 35 47
272 145 47
247 101 47
226 258 47
196 290 47
216 33 47
42 53 47
189 30 47
36 44 47
110 246 47
168 167 47
102 177 47
188 15 47
291 291 47
298 300 47
114 39 47
270 58 47
288 273 47
172 259 47
2 132 47
122 13 47
227 142 47
5 41 47
178 207 47
90 235 47
220 164 47
297 22 94
258 96 22
136 30 22
152 228 22
35 62 22
139 12 22
8 290 22
291 104 22
144 125 22
77 180 22
191 248 22
157 192 22
24 158 22
244 49 22
168 107 22
223 97 22
289 173 22
71 176 22
140 127 22
36 274 22
221 290 22
182 177 22
110 49 22
236 252 22
117 144 22
230 55 22
66 256 22
51 9 22
40 260 22
124 104 22
186 159 22
193 52 22
27 203 22
113 261 22
77 68 22
18 15 22
131 40 22
184 7 22
269 238 22
126 16 22
27 217 22
172 147 22
40 139 22
115 277 22
153 59 22
85 128 22
238 205 22
90 30 22
236 260 22
47 297 22
51 98 22
33 57 22
288 18 22
73 260 22
208 260 22
273 190 22
270 80 22
27 58 22
140 134 22
147 81 22
14 37 22
56 54 22
124 103 22
64 40 22
77 58 22
41 288 22
127 40 22
134 93 22
233 79 22
28 300 22
5 237 22
35 98 22
208 24 22
236 76 22
136 77 22
62 191 22
152 240 22
173 68 22
172 64 22
60 263 22
249 208 22
152 49 22
21 89 22
48 46 22
253 237 22
153 183 22
98 11 22
13 24 22
161 296 22
130 160 22
3 159 22
80 37 22
163 300 22
179 29 22
279 229 22
98 45 22
38 69 22
166 228 22
29 166 22
126 218 22
273 217 22
45 41 22
220 202 22
131 205 22
144 60 22
289 268 22
289 82 22
264 277 22
82 282 22
204 266 22
54 225 22
90 23 22
191 124 22
119 96 22
162 249 22
116 94 22
218 183 22
31 254 22
180 72 22
202 271 22
171 4 22
35 62 22
1 115 22
256 226 22
255 128 22
208 236 22
14 148 22
77 254 22
42 197 22
293 212 22
220 29 22
5 114 22
97 215 22
142 201 22
264 50 22
87 194 22
269 132 22
62 291 22
152 142 22
9 225 22
17 294 22
34 39 22
195 63 22
137 26 22
300 74 22
210 227 22
147 169 22
74 163 22
296 275 22
83 247 22
139 225 22
64 12 22
61 206 22
30 98 22
134 166 22
192 206 22
166 181 22
127 190 22
247 98 22
221 219 22
228 170 22
17 155 22
62 115 22
175 94 22
238 260 22
203 20 22
154 71 22
278 84 22
204 213 22
25 142 22
213 170 22
228 201 22
54 47 22
179 40 22
42 244 22
57 107 22
226 19 22
28 107 22
26 91 22
253 126 22
239 67 22
209 295 22
67 24 22
121 280 22
123 181 22
154 245 22
166 239 22
127 210 22
132 95 22
264 114 22
299 120 22
172 149 22
88 194 22
220 227 22
292 271 22
183 29 22
188 28 22
29 28 22
165 116 22
6 196 22
71 166 22
185 72 22
298 158 22
72 245 22
264 58 22
32 65 22
205 212 22
197 25 22
208 167 22
138 100 22
192 104 22
69 156 22
243 252 22
260 216 22
270 101 22
89 28 22
29 166 22
42 92 22
219 192 22
172 263 22
196 294 22
263 153 22
239 248 22
226 62 22
120 33 46
83 260 22
143 12 22
205 81 22
285 257 22
176 282 22
136 206 22
26 143 22
93 67 22
76 240 22
215 252 22
104 141 22
207 265 22
217 178 22
111 206 22
10 256 22
4 136 22
29 99 22
54 152 22
52 229 22
52 139 22
190 130 22
300 46 22
244 292 22
219 130 22
93 240 22
138 294 22
148 276 22
129 63 22
253 8 22
184 151 22
227 104 22
251 156 22
268 240 22
250 270 22
91 66 22
95 218 22
11 52 22
158 155 22
67 77 22
95 45 22
124 136 22
46 59 22
73 64 22
125 119 22
8 217 22
166 56 22
19 289 22
126 84 22
208 58 22
256 140 22
155 68 22
2 289 22
44 206 22
218 260 22
61 285 22
210 28 22
157 71 22
299 2 22
13 100 22
215 26 22
205 249 22
22 5 22
290 66 22
235 57 22
72 177 22
75 133 22
34 265 22
103 228 22
154 154 22
114 83 22
77 28 22
37 40 22
267 58 22
