3
300 50 300
123 1 50
297 1 50
88 1 50
202 1 50
248 1 50
41 1 50
86 1 50
172 1 50
90 1 50
15 1 50
252 1 50
205 1 50
19 1 50
91 1 50
55 1 50
109 1 50
51 1 50
98 1 50
250 1 50
17 1 50
54 1 50
38 1 50
187 1 50
239 1 50
136 1 50
144 1 50
23 1 50
155 1 50
251 1 50
151 1 50
281 1 50
39 1 50
171 1 50
140 1 50
223 1 50
131 1 50
158 1 50
226 1 50
217 1 50
224 1 50
159 1 50
215 1 50
275 1 50
225 1 50
88 1 50
104 1 50
254 1 50
265 1 50
2 1 50
221 1 50
22 1 50
14 1 50
97 1 50
218 1 50
1 1 50
235 1 50
154 1 50
91 1 50
208 1 50
109 1 50
94 1 50
224 1 50
140 1 50
105 1 50
221 1 50
164 1 50
5 1 50
141 1 50
210 1 50
80 1 50
278 1 50
246 1 50
257 1 50
10 1 50
123 1 50
225 1 50
4 1 50
103 1 50
163 1 50
241 1 50
243 1 50
70 1 50
300 1 50
121 1 50
2 1 50
74 1 50
90 1 50
9 1 50
174 1 50
37 1 50
183 1 50
253 1 50
24 1 50
188 1 50
5 1 50
48 1 50
181 1 50
231 1 50
189 1 50
117 1 50
92 1 50
205 1 50
284 1 50
131 1 50
110 1 50
295 1 50
295 1 50
254 1 50
62 1 50
77 1 50
60 1 50
88 1 50
221 1 50
112 1 50
51 1 50
193 1 50
243 1 50
2 1 50
194 1 50
30 1 50
129 1 50
70 1 50
143 1 50
215 1 50
225 1 50
193 1 50
146 1 50
2 1 50
291 1 50
292 1 50
212 1 50
69 1 50
163 1 50
96 1 50
291 1 50
16 1 50
244 1 50
44 1 50
64 1 50
199 1 50
160 1 50
260 1 50
245 1 50
175 1 50
228 1 50
241 1 50
177 1 50
213 1 50
86 1 50
122 1 7
148 1 50
160 1 50
10 1 50
204 1 50
286 1 50
103 1 50
223 1 50
215 1 50
144 1 50
287 1 50
11 1 50
99 1 50
222 1 50
271 1 50
101 1 50
280 1 50
94 1 50
30 1 50
105 1 50
275 1 50
83 1 50
42 1 50
189 1 50
23 1 50
95 1 50
127 1 50
159 1 50
277 1 50
190 1 50
60 1 50
139 1 50
9 1 50
1 1 50
145 1 50
235 1 50
44 1 50
108 1 50
80 1 50
190 1 50
165 1 50
292 1 50
55 1 50
10 1 50
292 1 50
208 1 50
215 1 50
137 1 50
3 1 50
99 1 50
163 1 50
123 1 50
176 1 50
243 1 50
132 1 50
157 1 50
260 1 50
94 1 50
256 1 50
139 1 50
61 1 50
85 1 50
40 1 50
24 1 50
62 1 50
97 1 50
62 1 50
172 1 50
153 1 50
2 1 50
237 1 50
24 1 50
31 1 50
244 1 50
206 1 50
117 1 50
193 1 50
50 1 50
184 1 50
156 1 50
286 1 50
120 1 50
169 1 50
183 1 50
245 1 50
145 1 50
271 1 50
80 1 50
184 1 50
281 1 50
273 1 50
49 1 50
265 1 50
14 1 50
223 1 50
80 1 50
175 1 50
142 1 50
198 1 50
128 1 50
295 1 50
154 1 50
185 1 50
246 1 50
225 1 50
198 1 50
21 1 50
101 1 50
289 1 50
21 1 50
86 1 50
265 1 50
214 1 50
235 1 50
14 1 50
247 1 50
288 1 50
56 1 50
71 1 50
162 1 50
203 1 50
193 1 50
124 1 50
228 1 50
22 1 50
280 1 50
236 1 50
172 1 50
293 1 50
170 1 50
20 1 50
196 1 50
114 1 50
257 1 50
296 1 50
276 1 50
177 1 50
95 1 50
232 1 50
95 1 50
140 1 50
155 1 50
93 1 50
258 1 50
102 1 50
134 1 50
55 1 50
287 1 50
236 1 50
216 1 50
216 1 50
300 50 300
258 1 50
16 1 50
106 1 50
165 1 50
201 1 50
289 1 50
127 1 50
85 1 50
243 1 50
273 1 50
157 1 50
230 1 50
46 1 50
251 1 50
67 1 50
184 1 50
300 1 50
56 1 50
216 1 50
199 1 50
136 1 50
105 1 50
139 1 50
131 1 50
212 1 50
172 1 50
75 1 50
107 1 50
189 1 50
86 1 50
65 1 50
297 1 50
112 1 50
161 1 50
282 1 50
221 1 50
38 1 50
243 1 50
92 1 50
52 1 50
284 1 50
201 1 50
7 1 50
98 1 50
284 1 50
265 1 50
21 1 50
19 1 50
68 1 50
128 1 50
285 1 50
53 1 50
125 1 50
292 1 50
266 1 50
101 1 50
12 1 50
287 1 50
259 1 50
294 1 50
124 1 50
34 1 50
289 1 50
41 1 50
254 1 50
111 1 50
32 1 50
245 1 50
296 1 50
221 1 50
296 1 50
258 1 50
115 1 50
122 1 50
49 1 50
181 1 50
229 1 50
96 1 50
139 1 50
274 1 50
126 1 50
8 1 50
82 1 50
27 1 50
173 1 50
271 1 50
213 1 50
48 1 50
297 1 50
242 1 50
43 1 50
292 1 50
37 1 50
275 1 50
195 1 50
117 1 50
58 1 50
263 1 50
228 1 50
128 1 50
59 1 50
66 1 50
91 1 50
134 1 50
117 1 50
152 1 50
295 1 50
211 1 50
300 1 50
32 1 50
15 1 50
123 1 50
248 1 50
16 1 50
50 1 50
279 1 50
3 1 50
168 1 50
48 1 50
16 1 50
128 1 50
28 1 50
66 1 50
250 1 50
122 1 50
148 1 50
99 1 50
271 1 50
76 1 50
197 1 50
92 1 50
174 1 50
108 1 50
130 1 50
81 1 50
64 1 50
150 1 50
84 1 50
221 1 50
104 1 50
15 1 50
278 1 50
299 1 50
3 1 50
175 1 50
298 1 50
18 1 50
237 1 50
292 1 50
247 1 5
35 1 50
80 1 50
72 1 50
212 1 50
246 1 50
80 1 50
131 1 50
235 1 50
82 1 50
48 1 50
195 1 50
290 1 50
90 1 50
58 1 50
258 1 50
196 1 50
90 1 50
279 1 50
278 1 50
7 1 50
150 1 50
158 1 50
163 1 50
243 1 50
141 1 50
221 1 50
151 1 50
112 1 50
98 1 50
261 1 50
246 1 50
77 1 50
219 1 50
54 1 50
224 1 50
264 1 50
98 1 50
169 1 50
62 1 50
170 1 50
139 1 50
146 1 50
44 1 50
251 1 50
94 1 50
277 1 50
185 1 50
161 1 50
207 1 50
5 1 50
196 1 50
113 1 50
246 1 50
113 1 50
178 1 50
207 1 50
279 1 50
92 1 50
196 1 50
101 1 50
172 1 50
159 1 50
28 1 50
224 1 50
80 1 50
143 1 50
223 1 50
240 1 50
111 1 50
169 1 50
226 1 50
134 1 50
185 1 50
11 1 50
276 1 50
157 1 50
209 1 50
221 1 50
274 1 50
41 1 50
274 1 50
271 1 50
172 1 50
125 1 50
99 1 50
153 1 50
158 1 50
202 1 50
88 1 50
218 1 50
104 1 50
18 1 50
12 1 50
266 1 50
277 1 50
76 1 50
245 1 50
126 1 50
106 1 50
194 1 50
210 1 50
126 1 50
177 1 50
162 1 50
169 1 50
251 1 50
197 1 50
22 1 50
5 1 50
90 1 50
96 1 50
295 1 50
282 1 50
190 1 50
29 1 50
108 1 50
165 1 50
287 1 50
57 1 50
291 1 50
266 1 50
247 1 50
199 1 50
9 1 50
5 1 50
164 1 50
285 1 50
1 1 50
94 1 50
239 1 50
150 1 50
140 1 50
130 1 50
136 1 50
146 1 50
167 1 50
224 1 50
59 1 50
289 1 50
98 1 50
270 1 50
54 1 50
98 1 50
116 1 50
95 1 50
194 1 50
261 1 50
120 1 50
253 1 50
13 1 50
300 50 300
204 1 50
122 1 50
267 1 50
259 1 50
122 1 50
93 1 50
131 1 50
87 1 50
45 1 50
102 1 50
203 1 50
103 1 50
15 1 50
45 1 50
62 1 50
92 1 50
181 1 50
3 1 50
206 1 50
157 1 50
101 1 50
222 1 50
232 1 50
81 1 50
133 1 50
284 1 50
201 1 50
215 1 50
47 1 50
246 1 50
68 1 50
166 1 50
222 1 50
176 1 50
149 1 50
276 1 50
232 1 50
55 1 50
260 1 50
181 1 50
177 1 50
178 1 50
116 1 50
157 1 50
134 1 50
231 1 50
192 1 50
176 1 50
114 1 50
63 1 50
197 1 50
221 1 50
39 1 50
202 1 50
15 1 50
281 1 50
18 1 50
135 1 50
96 1 50
46 1 50
242 1 50
281 1 50
55 1 50
54 1 50
245 1 50
229 1 50
48 1 50
20 1 50
133 1 50
214 1 50
11 1 50
117 1 50
80 1 50
147 1 50
82 1 50
293 1 50
146 1 50
143 1 50
244 1 50
21 1 50
212 1 50
84 1 50
113 1 50
295 1 50
58 1 50
155 1 50
201 1 50
281 1 50
205 1 50
147 1 50
44 1 50
245 1 50
138 1 50
67 1 50
99 1 50
298 1 50
237 1 50
97 1 50
26 1 50
283 1 50
174 1 50
113 1 50
196 1 50
65 1 50
133 1 50
184 1 50
183 1 50
174 1 50
232 1 50
55 1 50
164 1 50
243 1 50
248 1 50
290 1 50
273 1 50
237 1 50
108 1 50
290 1 50
61 1 50
72 1 50
121 1 50
29 1 50
48 1 50
181 1 50
245 1 50
202 1 50
280 1 50
242 1 50
146 1 50
249 1 50
66 1 50
249 1 50
54 1 50
71 1 50
289 1 50
207 1 50
42 1 50
41 1 50
248 1 50
169 1 50
49 1 50
138 1 50
222 1 50
294 1 50
124 1 50
137 1 50
141 1 50
242 1 50
94 1 50
196 1 12
102 1 50
28 1 50
54 1 50
267 1 50
273 1 50
137 1 50
71 1 50
194 1 50
253 1 50
169 1 50
40 1 50
146 1 50
31 1 50
295 1 50
43 1 50
111 1 50
198 1 50
40 1 50
57 1 50
202 1 50
91 1 50
101 1 50
8 1 50
246 1 50
104 1 50
171 1 50
200 1 50
113 1 50
69 1 50
41 1 50
267 1 50
293 1 50
63 1 50
246 1 50
38 1 50
144 1 50
15 1 50
187 1 50
30 1 50
34 1 50
152 1 50
19 1 50
81 1 50
291 1 50
220 1 50
296 1 50
51 1 50
57 1 50
205 1 50
184 1 50
58 1 50
45 1 50
49 1 50
19 1 50
173 1 50
182 1 50
216 1 50
176 1 50
106 1 50
280 1 50
95 1 50
121 1 50
176 1 50
4 1 50
60 1 50
21 1 50
82 1 50
91 1 50
104 1 50
94 1 50
279 1 50
101 1 50
252 1 50
253 1 50
209 1 50
294 1 50
37 1 50
291 1 50
196 1 50
127 1 50
63 1 50
281 1 50
99 1 50
170 1 50
201 1 50
216 1 50
268 1 50
252 1 50
194 1 50
180 1 50
97 1 50
37 1 50
100 1 50
218 1 50
154 1 50
103 1 50
123 1 50
176 1 50
164 1 50
114 1 50
19 1 50
268 1 50
89 1 50
25 1 50
257 1 50
8 1 50
85 1 50
278 1 50
35 1 50
231 1 50
142 1 50
95 1 50
106 1 50
298 1 50
195 1 50
84 1 50
9 1 50
284 1 50
34 1 50
270 1 50
25 1 50
154 1 50
209 1 50
4 1 50
129 1 50
137 1 50
176 1 50
92 1 50
114 1 50
18 1 50
212 1 50
165 1 50
290 1 50
240 1 50
1 1 50
64 1 50
93 1 50
233 1 50
197 1 50
120 1 50
297 1 50
198 1 50
153 1 50
248 1 50
77 1 50
209 1 50
175 1 50
230 1 50
35 1 50
115 1 50
