100
9999
26 34
1 38
47 35
63 35
94 97
25 52
17 77
71 24
43 23
67 98
63 40
27 25
27 82
48 66
8 13
89 86
3 19
15 57
26 19
3 16
73 23
27 11
74 4
9 93
83 79
72 82
98 45
93 5
24 10
78 76
37 10
38 42
5 97
23 19
7 29
98 57
16 12
69 76
37 96
17 46
30 33
74 10
90 83
51 55
95 11
55 38
39 62
5 24
47 1
37 8
79 56
90 22
71 50
27 23
67 33
24 7
11 9
21 31
53 79
75 53
70 62
9 84
51 14
62 58
66 85
82 63
46 66
46 50
61 40
21 41
65 70
64 53
60 79
18 8
81 91
66 99
98 85
80 11
52 32
15 49
6 92
95 69
12 79
58 24
59 62
92 68
54 82
21 46
48 20
88 3
12 6
36 44
91 93
12 89
20 2
36 57
24 28
87 97
100 5
