100 10
10 2 3 4 6 9 15 34 43 50 74 
7 1 10 22 23 31 58 64 
1 1 
6 1 5 12 14 77 84 
3 4 8 40 
2 1 7 
7 6 11 13 29 59 76 78 
3 5 60 81 
4 1 17 69 70 
6 2 16 19 27 56 79 
3 7 26 32 
1 4 
2 7 48 
3 4 39 57 
4 1 18 36 44 
4 10 20 21 66 
3 9 41 98 
3 15 47 62 
2 10 45 
2 16 67 
2 16 28 
2 2 24 
2 2 25 
5 22 35 38 94 97 
4 23 30 53 92 
2 11 89 
1 10 
3 21 55 91 
2 7 33 
1 25 
2 2 51 
2 11 52 
2 29 37 
1 1 
2 24 46 
1 15 
4 33 42 54 63 
2 24 72 
2 14 65 
1 5 
1 17 
1 37 
1 1 
1 15 
1 19 
2 35 96 
1 18 
2 13 49 
1 48 
2 1 83 
2 31 71 
3 32 61 68 
1 25 
2 37 75 
1 28 
1 10 
1 14 
3 2 73 80 
1 7 
1 8 
1 52 
1 18 
2 37 82 
1 2 
1 39 
1 16 
1 20 
3 52 87 88 
1 9 
1 9 
1 51 
1 38 
1 58 
2 1 90 
1 54 
1 7 
2 4 100 
1 7 
1 10 
1 58 
1 8 
2 63 85 
2 50 93 
1 4 
2 82 86 
1 85 
1 68 
1 68 
1 26 
1 74 
2 28 99 
2 25 95 
1 83 
1 24 
1 92 
1 46 
1 24 
1 17 
1 91 
1 77 
90 1 47
1 10 75
73 1 47
15 1 32
37 4 21
19 2 89
36 1 25
50 2 42
33 2 43
73 1 100
