1000 500
11 2 3 4 6 9 15 34 43 50 74 244 
11 1 10 22 23 31 58 64 118 213 351 380 
3 1 411 549 
8 1 5 12 14 77 84 147 493 
5 4 8 40 108 592 
3 1 7 157 
9 6 11 13 29 59 76 78 484 559 
5 5 60 81 168 257 
4 1 17 69 70 
9 2 16 19 27 56 79 121 227 504 
5 7 26 32 202 428 
1 4 
6 7 48 317 445 801 920 
5 4 39 57 299 342 
8 1 18 36 44 153 184 360 641 
5 10 20 21 66 141 
6 9 41 98 192 301 359 
6 15 47 62 203 531 975 
5 10 45 127 688 721 
6 16 67 133 386 391 425 
3 16 28 114 
4 2 24 427 517 
4 2 25 221 861 
8 22 35 38 94 97 235 437 451 
8 23 30 53 92 261 279 574 774 
8 11 89 128 142 302 499 638 828 
3 10 105 521 
3 21 55 91 
5 7 33 171 248 403 
3 25 178 371 
3 2 51 880 
3 11 52 143 
4 29 37 174 308 
4 1 303 773 787 
3 24 46 160 
1 15 
5 33 42 54 63 297 
4 24 72 280 347 
4 14 65 262 370 
4 5 102 132 219 
5 17 190 249 315 744 
4 37 146 470 767 
2 1 350 
2 15 211 
3 19 310 654 
5 35 96 217 793 871 
3 18 109 278 
5 13 49 222 243 925 
4 48 151 230 488 
4 1 83 145 621 
3 31 71 755 
5 32 61 68 125 900 
4 25 126 131 781 
2 37 75 
4 28 232 560 986 
2 10 185 
5 14 144 602 748 933 
4 2 73 80 188 
4 7 149 719 762 
4 8 137 182 885 
4 52 148 167 683 
6 18 237 401 625 676 732 
3 37 82 165 
2 2 312 
5 39 191 343 500 515 
5 16 236 532 850 898 
4 20 117 241 873 
5 52 87 88 106 327 
1 9 
4 9 136 138 429 
3 51 206 562 
4 38 245 472 882 
3 58 749 970 
5 1 90 253 772 976 
3 54 104 258 
2 7 483 
4 4 100 187 300 
1 7 
2 10 325 
3 58 103 268 
2 8 612 
6 63 85 116 122 140 336 
5 50 93 272 364 792 
5 4 134 159 686 879 
6 82 86 115 119 284 760 
3 85 197 528 
3 68 183 234 
6 68 110 129 158 194 363 
4 26 101 355 951 
4 74 155 195 402 
4 28 99 130 790 
2 25 95 
2 83 393 
6 24 135 162 225 226 914 
2 92 111 
1 46 
3 24 120 735 
6 17 107 150 177 578 839 
2 91 369 
3 77 326 379 
4 89 349 668 936 
2 40 166 
1 80 
3 75 204 387 
2 27 220 
6 68 252 259 293 450 463 
3 98 124 154 
6 5 112 113 233 563 705 
2 47 398 
2 88 522 
5 95 348 352 555 945 
1 108 
6 108 139 170 275 288 307 
2 21 186 
3 85 247 397 
3 82 260 662 
3 67 271 516 
4 2 169 320 420 
1 85 
3 97 344 679 
4 10 123 240 932 
4 82 196 198 533 
1 121 
2 107 524 
1 52 
3 53 667 734 
3 19 215 367 
2 26 561 
5 88 250 695 747 899 
2 91 711 
2 53 576 
1 40 
2 20 481 
3 84 189 365 
2 94 229 
1 70 
4 60 231 316 812 
5 70 176 267 518 815 
1 113 
5 82 179 475 577 694 
1 16 
5 26 161 173 199 242 
3 32 740 824 
3 57 239 544 
5 50 573 639 776 791 
3 42 163 256 
1 4 
1 61 
2 59 771 
3 98 152 597 
3 49 392 869 
3 150 156 214 
6 15 201 207 212 269 346 
3 107 799 884 
3 90 322 633 
4 152 345 358 485 
2 6 306 
3 88 181 530 
4 84 287 330 434 
3 35 223 338 
1 142 
6 94 164 385 394 487 498 
3 146 180 193 
5 162 328 513 610 652 
3 63 209 789 
3 102 294 388 
4 61 314 333 617 
2 8 432 
3 118 210 238 
1 113 
2 29 172 
3 171 224 282 
5 142 175 264 332 751 
1 33 
1 173 
3 138 439 624 
2 98 737 
3 30 416 937 
1 140 
2 163 395 
3 158 205 390 
2 60 263 
2 87 200 
2 15 265 
1 56 
3 114 465 627 
3 77 337 489 
3 58 255 331 
1 134 
1 41 
3 65 208 292 
1 17 
1 163 
4 88 298 409 616 
5 90 273 274 615 658 
2 122 447 
2 86 540 
2 122 412 
1 142 
3 183 321 958 
4 153 283 289 309 
1 11 
2 18 953 
3 104 270 417 
2 181 353 
2 71 826 
1 153 
2 191 467 
1 165 
1 169 
6 44 277 285 543 692 874 
5 153 324 539 550 731 
3 2 290 752 
3 152 216 761 
2 127 623 
1 214 
2 46 218 
3 217 876 957 
1 40 
1 105 
4 23 266 569 860 
1 48 
2 160 424 
2 172 643 
1 94 
3 94 228 891 
4 10 291 399 769 
1 226 
2 135 443 
2 49 580 
1 137 
3 55 459 552 
3 108 246 430 
3 87 684 733 
3 24 376 637 
5 66 251 497 635 678 
4 62 407 703 992 
2 169 582 
2 144 611 
3 121 431 446 
1 67 
4 142 374 414 647 
3 48 354 575 
4 1 339 464 553 
2 72 613 
2 233 514 
5 115 361 458 535 803 
2 29 474 
3 41 295 716 
3 129 254 471 
2 236 978 
4 106 276 510 512 
2 74 591 
4 250 340 381 894 
2 188 568 
2 146 987 
1 8 
3 75 608 729 
3 106 422 595 
1 116 
1 25 
2 39 536 
3 182 373 636 
3 173 281 844 
3 184 538 950 
1 221 
3 138 311 620 
2 80 651 
4 153 286 657 687 
1 204 
2 117 389 
2 83 372 
2 195 491 
4 195 335 368 506 
3 113 318 630 
1 252 
2 211 820 
4 47 323 507 778 
3 25 375 556 
2 38 996 
4 264 329 366 572 
1 172 
3 201 362 404 
2 85 997 
2 211 594 
2 269 305 
3 159 304 706 
3 113 296 724 
2 201 897 
2 213 645 
3 227 408 650 
1 191 
2 106 838 
2 166 663 
2 249 835 
3 288 441 508 
2 37 930 
2 194 603 
4 14 313 356 419 
1 77 
3 17 426 935 
2 26 723 
3 34 566 967 
2 287 973 
2 286 334 
3 157 341 804 
1 113 
2 33 319 
2 201 383 
4 45 396 813 888 
2 267 469 
1 64 
4 299 444 713 827 
2 167 480 
2 41 496 
2 137 728 
2 13 454 
2 275 939 
2 308 629 
3 118 377 460 
3 200 659 796 
2 155 831 
2 278 436 
1 212 
2 79 585 
1 100 
3 68 557 628 
1 164 
4 281 415 456 904 
4 159 479 642 699 
2 188 598 
1 173 
3 167 918 962 
2 305 418 
3 274 440 682 
3 82 567 940 
2 187 660 
1 160 
3 244 400 457 
1 254 
3 306 378 495 
3 14 384 964 
2 65 357 
1 120 
2 156 648 
3 153 461 644 
3 38 622 922 
1 111 
3 101 698 849 
1 43 
4 2 435 452 494 
1 111 
1 205 
4 243 382 466 853 
3 89 542 700 
3 299 599 984 
1 343 
2 156 600 
2 17 501 
1 15 
1 247 
4 283 442 753 870 
1 88 
3 83 886 979 
2 134 453 
1 281 
4 127 525 632 949 
4 274 410 413 794 
1 99 
3 39 438 777 
2 30 783 
2 272 547 
2 263 833 
1 242 
3 279 492 548 
2 235 916 
4 320 478 505 704 
2 341 619 
1 100 
5 2 468 618 626 712 
1 254 
3 354 406 526 
4 309 708 784 821 
2 342 741 
3 162 661 738 
1 20 
2 104 814 
2 166 571 
1 271 
2 181 509 
2 20 689 
1 151 
1 93 
2 162 448 
1 180 
1 310 
1 115 
1 109 
2 227 851 
4 339 405 423 846 
1 62 
3 90 421 707 
2 29 717 
2 283 919 
2 400 527 
3 382 449 756 
1 237 
1 291 
1 194 
1 368 
2 3 758 
1 198 
3 368 727 963 
1 242 
2 329 503 
2 178 640 
3 204 693 848 
4 334 462 473 593 
5 299 433 520 653 785 
2 118 511 
1 402 
1 259 
1 400 
1 223 
3 20 564 819 
2 301 554 
1 22 
1 11 
2 70 725 
2 233 605 
1 240 
1 168 
3 419 529 845 
1 159 
1 351 
2 323 476 
2 24 583 
2 370 985 
1 176 
2 335 954 
2 296 631 
2 362 601 
1 229 
2 313 696 
7 13 455 490 537 581 681 983 
1 240 
1 196 
2 394 720 
3 406 486 965 
1 106 
2 24 908 
1 351 
3 365 750 856 
2 317 837 
3 445 477 780 
1 329 
1 339 
1 247 
1 232 
2 320 565 
1 346 
1 418 
1 106 
1 244 
1 186 
2 354 523 
2 208 482 
2 380 590 
2 311 677 
1 42 
2 250 715 
2 72 808 
2 418 872 
4 248 502 519 546 
1 140 
1 436 
1 455 
2 377 558 
2 330 634 
1 314 
1 133 
2 467 570 
2 76 702 
1 7 
2 156 584 
3 449 609 941 
1 162 
1 49 
2 187 579 
1 445 
1 273 
1 375 
1 4 
2 351 948 
3 341 830 863 
1 315 
1 236 
1 162 
1 26 
4 65 680 883 929 
1 359 
1 474 
4 415 541 868 990 
1 10 
7 377 607 746 757 764 805 823 
1 274 
1 278 
1 296 
3 390 604 966 
1 252 
2 420 923 
1 252 
3 164 786 913 
1 246 
1 65 
3 117 770 921 
1 22 
2 138 775 
4 474 806 834 907 
2 419 810 
1 27 
2 110 759 
2 466 664 
2 124 901 
1 367 
3 382 534 588 
1 405 
2 86 718 
1 433 
2 158 685 
2 18 551 
1 66 
1 122 
1 526 
1 247 
1 262 
2 445 545 
2 265 589 
2 212 802 
1 197 
1 503 
1 355 
1 211 
1 144 
1 537 
1 474 
1 372 
2 375 768 
3 3 596 745 
2 212 807 
1 531 
2 232 999 
1 244 
2 426 864 
4 111 655 701 726 
1 279 
1 327 
3 478 646 669 
1 7 
1 55 
1 128 
1 71 
1 108 
2 425 672 
1 460 
1 303 
2 336 606 
1 255 
2 221 586 
1 482 
1 388 
1 281 
1 145 
1 25 
1 243 
1 131 
2 140 587 
4 98 649 788 800 
1 489 
3 230 798 865 
1 445 
4 238 666 691 972 
1 437 
1 485 
3 325 671 854 
1 569 
3 577 656 670 
1 526 
1 538 
1 468 
1 253 
1 5 
2 418 766 
1 285 
2 259 960 
2 549 816 
1 150 
2 331 998 
2 356 614 
4 358 674 902 910 
1 442 
2 57 736 
2 298 697 
1 509 
1 430 
1 567 
1 505 
1 258 
3 486 665 795 
1 164 
1 239 
1 81 
1 245 
2 599 943 
2 195 809 
2 194 710 
2 167 690 
1 380 
1 378 
1 267 
1 50 
2 347 673 
1 215 
2 176 875 
1 62 
2 380 892 
1 186 
1 327 
1 319 
1 275 
1 441 
3 367 675 896 
2 155 722 
1 479 
1 236 
1 263 
2 235 765 
1 26 
1 145 
1 416 
2 15 709 
1 330 
1 224 
2 346 857 
2 290 912 
3 558 782 890 
1 242 
2 345 811 
1 578 
1 291 
2 268 797 
1 164 
2 419 887 
3 45 836 968 
1 555 
1 587 
1 269 
1 195 
2 321 931 
1 337 
2 385 841 
1 116 
3 294 909 946 
1 523 
2 609 917 
2 582 739 
1 126 
1 101 
1 558 
1 587 
2 585 822 
2 564 977 
1 622 
2 600 840 
1 632 
1 62 
1 469 
1 236 
2 120 961 
1 500 
1 445 
1 335 
1 61 
1 234 
1 530 
1 84 
1 269 
2 19 955 
1 391 
1 617 
1 582 
1 211 
2 417 842 
1 140 
1 129 
2 444 714 
3 603 779 866 
2 349 926 
1 330 
1 355 
1 555 
1 483 
1 237 
1 377 
1 108 
1 287 
2 402 942 
1 383 
1 641 
2 616 847 
2 130 763 
1 380 
2 313 938 
1 696 
1 471 
1 249 
1 403 
1 528 
1 59 
2 448 743 
1 19 
3 633 969 982 
1 302 
1 288 
1 429 
2 555 730 
1 413 
1 316 
1 258 
2 726 927 
1 212 
2 62 742 
1 234 
1 126 
1 97 
2 602 993 
1 177 
1 385 
1 666 
1 143 
1 384 
2 732 944 
1 720 
1 41 
3 549 754 893 
2 505 829 
1 129 
1 57 
2 73 895 
2 453 855 
1 173 
1 213 
2 362 989 
1 745 
1 51 
2 406 995 
1 505 
1 411 
2 522 817 
1 85 
1 214 
1 59 
1 711 
1 505 
1 637 
1 593 
1 42 
1 548 
1 227 
1 516 
1 149 
1 74 
1 34 
1 25 
1 518 
1 145 
2 370 877 
1 278 
2 697 818 
1 455 
1 53 
1 646 
1 371 
1 383 
1 419 
2 513 852 
1 34 
1 578 
1 165 
1 91 
1 145 
1 83 
2 46 862 
1 368 
2 609 974 
1 321 
2 651 980 
1 580 
1 154 
1 578 
1 13 
4 539 825 905 952 
1 247 
2 306 934 
2 505 878 
1 519 
2 550 947 
2 472 832 
1 615 
1 520 
2 648 981 
1 137 
1 310 
1 387 
1 138 
1 596 
2 759 971 
1 779 
2 425 859 
1 277 
1 383 
1 671 
1 505 
1 143 
1 802 
1 206 
1 313 
1 26 
2 746 991 
1 495 
2 322 858 
1 808 
1 373 
1 519 
1 295 
1 654 
1 454 
1 293 
2 98 843 
1 674 
1 661 
2 693 928 
1 839 
1 264 
1 433 
2 400 881 
1 710 
2 417 924 
2 349 867 
1 66 
1 399 
2 786 906 
1 354 
1 585 
1 750 
1 453 
1 644 
1 831 
1 819 
2 221 994 
1 23 
1 793 
1 495 
1 554 
1 580 
1 697 
1 849 
1 503 
1 151 
1 362 
1 46 
1 473 
1 67 
1 211 
1 624 
1 218 
1 777 
1 805 
1 84 
1 31 
2 846 889 
1 72 
1 500 
1 154 
1 60 
1 364 
1 653 
2 310 903 
1 881 
1 646 
1 226 
1 626 
1 745 
1 254 
2 749 911 
1 632 
1 289 
1 66 
1 129 
1 52 
1 524 
1 600 
1 888 
3 329 915 956 
1 802 
1 852 
1 519 
1 451 
1 663 
1 600 
1 895 
1 645 
1 513 
1 94 
1 904 
1 376 
1 665 
1 333 
1 404 
1 13 
1 516 
2 347 988 
1 511 
1 848 
1 48 
1 698 
1 730 
1 842 
1 500 
1 297 
1 659 
1 121 
1 57 
1 804 
1 301 
1 101 
1 178 
1 713 
1 318 
1 336 
1 486 
1 707 
1 614 
2 742 959 
1 111 
1 663 
1 807 
2 494 1000 
1 367 
1 265 
1 89 
1 802 
1 203 
1 440 
1 688 
1 904 
1 218 
1 200 
1 944 
1 595 
1 679 
1 333 
1 413 
1 342 
1 449 
1 509 
1 303 
1 654 
1 722 
1 73 
1 817 
1 582 
1 304 
1 795 
1 18 
1 74 
1 672 
1 251 
1 364 
1 797 
1 811 
1 722 
1 445 
1 356 
1 438 
1 55 
1 256 
1 922 
1 753 
1 503 
1 829 
1 237 
1 736 
1 860 
1 756 
1 280 
1 284 
1 598 
1 552 
1 948 
1 1 0
1 11 0
357 1 0
131 2 0
481 1 0
272 1 0
765 1 0
139 1 0
528 1 0
415 2 0
362 3 0
594 1 0
464 1 0
598 1 0
671 1 0
201 1 0
886 1 0
43 2 0
293 1 0
352 1 0
445 6 0
318 2 0
948 2 0
50 2 0
789 1 0
897 1 0
741 1 0
229 1 0
699 1 0
627 1 0
848 2 0
942 1 0
130 1 0
177 2 0
587 2 0
101 1 0
738 1 0
758 1 0
204 2 0
213 2 0
144 3 0
69 1 0
329 2 0
80 3 0
982 1 0
916 1 0
460 1 0
432 1 0
531 1 0
956 1 0
188 3 0
881 1 0
268 1 0
671 2 0
953 1 0
661 1 0
300 1 0
793 1 0
175 1 0
432 1 0
98 3 0
315 2 0
743 1 0
38 4 0
786 1 0
347 3 0
241 1 0
434 1 0
886 1 0
376 2 0
86 1 0
225 1 0
445 3 0
461 1 0
140 1 0
926 1 0
76 1 0
476 1 0
850 1 0
183 1 0
371 2 0
718 1 0
239 2 0
40 3 0
211 2 0
264 2 0
21 1 0
279 2 0
910 1 0
200 3 0
339 1 0
992 1 0
470 1 0
1 1 0
842 1 0
18 5 0
666 2 0
275 1 0
143 3 0
258 2 0
77 2 0
542 1 0
834 1 0
806 1 0
312 1 0
777 1 0
269 3 0
989 1 0
883 1 0
566 1 0
505 6 0
486 1 0
328 1 0
593 1 0
909 1 0
222 1 0
968 1 0
834 1 0
863 1 0
142 1 0
689 1 0
967 1 0
263 3 0
644 2 0
719 1 0
909 1 0
409 1 0
601 1 0
729 1 0
200 3 0
699 1 0
228 1 0
855 1 0
849 1 0
144 3 0
805 1 0
170 1 0
992 1 0
76 2 0
189 1 0
467 2 0
883 1 0
591 1 0
52 4 0
864 1 0
566 1 0
550 1 0
418 3 0
932 1 0
523 2 0
392 1 0
939 1 0
414 1 0
428 1 0
869 1 0
261 1 0
836 1 0
439 1 0
981 1 0
796 1 0
712 1 0
386 1 0
207 1 0
369 1 0
459 1 0
991 1 0
217 2 0
982 1 0
753 2 0
338 1 0
39 4 0
813 1 0
588 1 0
993 1 0
14 4 0
809 1 0
988 1 0
179 1 0
867 1 0
685 1 0
423 1 0
116 3 0
790 1 0
805 1 0
13 6 0
712 1 0
196 1 0
10 5 0
278 3 0
631 1 0
61 1 0
986 1 0
431 1 0
889 1 0
315 1 0
840 1 0
522 1 0
74 5 0
220 1 0
616 2 0
573 1 0
839 2 0
992 1 0
677 1 0
166 3 0
945 1 0
645 2 0
206 2 0
556 1 0
698 1 0
987 1 0
679 1 0
688 1 0
806 1 0
979 1 0
861 1 0
885 1 0
972 1 0
869 1 0
660 1 0
733 1 0
701 1 0
194 2 0
76 2 0
246 1 0
21 2 0
21 3 0
26 1 0
908 1 0
608 1 0
57 1 0
667 1 0
992 1 0
7 4 0
118 2 0
503 2 0
280 2 0
819 1 0
629 1 0
299 3 0
200 2 0
481 1 0
318 1 0
887 1 0
673 1 0
656 1 0
615 2 0
442 2 0
48 4 0
382 3 0
399 1 0
347 3 0
209 1 0
970 1 0
354 1 0
882 1 0
293 2 0
350 1 0
983 1 0
518 1 0
873 1 0
515 1 0
136 1 0
312 1 0
376 1 0
682 1 0
258 1 0
304 2 0
243 1 0
712 1 0
77 2 0
967 1 0
327 3 0
610 1 0
692 1 0
398 1 0
480 1 0
673 1 0
856 1 0
565 1 0
524 1 0
144 1 0
186 3 0
966 1 0
250 1 0
932 1 0
559 1 0
507 1 0
323 2 0
236 4 0
440 2 0
901 1 0
369 1 0
586 1 0
370 2 0
943 1 0
710 2 0
192 1 0
603 2 0
699 1 0
991 1 0
518 1 0
373 1 0
699 1 0
731 1 0
955 1 0
62 3 0
131 2 0
142 1 0
971 1 0
600 1 0
461 1 0
186 1 0
713 1 0
214 2 0
85 6 0
487 1 0
957 1 0
25 5 0
663 1 0
561 1 0
63 3 0
521 1 0
894 1 0
43 2 0
788 1 0
638 1 0
167 4 0
986 1 0
121 1 0
465 1 0
597 1 0
692 1 0
79 1 0
870 1 0
271 1 0
906 1 0
414 1 0
196 1 0
71 2 0
619 1 0
837 1 0
479 2 0
115 1 0
682 1 0
336 2 0
588 1 0
34 3 0
90 1 0
355 3 0
238 1 0
120 1 0
383 2 0
239 1 0
937 1 0
282 1 0
168 2 0
731 1 0
93 1 0
273 2 0
740 1 0
381 1 0
972 1 0
585 1 0
906 1 0
409 1 0
422 1 0
138 3 0
733 1 0
906 1 0
52 3 0
801 1 0
334 2 0
199 1 0
627 1 0
191 1 0
972 1 0
287 2 0
67 1 0
42 4 0
545 1 0
312 1 0
424 1 0
787 1 0
637 2 0
197 1 0
592 1 0
681 1 0
16 1 0
894 1 0
86 3 0
68 3 0
356 3 0
837 1 0
213 1 0
237 4 0
889 1 0
862 1 0
855 1 0
436 2 0
636 1 0
375 2 0
408 1 0
738 1 0
337 2 0
392 1 0
918 1 0
32 2 0
559 1 0
861 1 0
228 1 0
640 1 0
573 1 0
883 1 0
311 2 0
563 1 0
251 1 0
391 1 0
903 1 0
842 2 0
251 2 0
701 1 0
9 2 0
737 1 0
993 1 0
215 1 0
323 1 0
33 2 0
824 1 0
733 1 0
265 3 0
590 1 0
278 3 0
21 2 0
391 1 0
665 2 0
906 1 0
626 1 0
728 1 0
503 3 0
28 1 0
610 1 0
533 1 0
185 1 0
589 1 0
67 4 0
825 1 0
326 1 0
1 11 0
534 1 0
12 1 0
278 4 0
697 3 0
680 1 0
454 1 0
752 1 0
124 2 0
661 1 0
326 1 0
751 1 0
824 1 0
189 1 0
251 2 0
400 2 0
477 1 0
604 1 0
554 1 0
895 2 0
482 1 0
516 2 0
631 1 0
915 1 0
740 1 0
646 1 0
568 1 0
408 1 0
171 1 0
506 1 0
704 1 0
636 1 0
134 3 0
899 1 0
578 2 0
404 1 0
409 1 0
303 2 0
286 2 0
32 1 0
765 1 0
949 1 0
135 2 0
764 1 0
161 1 0
576 1 0
845 1 0
953 1 0
519 4 0
604 1 0
31 1 0
876 1 0
